# Number of x values
111
# Number of y values
111
# x values
-550.0
-540.0
-530.0
-520.0
-510.0
-500.0
-490.0
-480.0
-470.0
-460.0
-450.0
-440.0
-430.0
-420.0
-410.0
-400.0
-390.0
-380.0
-370.0
-360.0
-350.0
-340.0
-330.0
-320.0
-310.0
-300.0
-290.0
-280.0
-270.0
-260.0
-250.0
-240.0
-230.0
-220.0
-210.0
-200.0
-190.0
-180.0
-170.0
-160.0
-150.0
-140.0
-130.0
-120.0
-110.0
-100.0
-90.0
-80.0
-70.0
-60.0
-50.0
-40.0
-30.0
-20.0
-10.0
0.0
10.0
20.0
30.0
40.0
50.0
60.0
70.0
80.0
90.0
100.0
110.0
120.0
130.0
140.0
150.0
160.0
170.0
180.0
190.0
200.0
210.0
220.0
230.0
240.0
250.0
260.0
270.0
280.0
290.0
300.0
310.0
320.0
330.0
340.0
350.0
360.0
370.0
380.0
390.0
400.0
410.0
420.0
430.0
440.0
450.0
460.0
470.0
480.0
490.0
500.0
510.0
520.0
530.0
540.0
550.0
# y values
-550.0
-540.0
-530.0
-520.0
-510.0
-500.0
-490.0
-480.0
-470.0
-460.0
-450.0
-440.0
-430.0
-420.0
-410.0
-400.0
-390.0
-380.0
-370.0
-360.0
-350.0
-340.0
-330.0
-320.0
-310.0
-300.0
-290.0
-280.0
-270.0
-260.0
-250.0
-240.0
-230.0
-220.0
-210.0
-200.0
-190.0
-180.0
-170.0
-160.0
-150.0
-140.0
-130.0
-120.0
-110.0
-100.0
-90.0
-80.0
-70.0
-60.0
-50.0
-40.0
-30.0
-20.0
-10.0
0.0
10.0
20.0
30.0
40.0
50.0
60.0
70.0
80.0
90.0
100.0
110.0
120.0
130.0
140.0
150.0
160.0
170.0
180.0
190.0
200.0
210.0
220.0
230.0
240.0
250.0
260.0
270.0
280.0
290.0
300.0
310.0
320.0
330.0
340.0
350.0
360.0
370.0
380.0
390.0
400.0
410.0
420.0
430.0
440.0
450.0
460.0
470.0
480.0
490.0
500.0
510.0
520.0
530.0
540.0
550.0
# z values
-22.53312
-22.13064
-21.70075
-21.25134
-20.76285
-20.25907
-19.70255
-19.13695
-18.50295
-17.8587
-17.14717
-16.41719
-15.63398
-14.84828
-14.05875
-13.26587
-12.46997
-11.66148
-10.84647
-10.00622
-9.15939
-8.27126
-7.37624
-6.42778
-5.46534
-4.44697
-3.40103
-2.30008
-1.28411
-0.36513
0.0
0.0
0.0
0.0
0.0
0.0
0.0
0.0
0.0
0.0
0.0
0.0
0.0
0.0
0.0
0.0
0.0
0.0
0.0
0.0
0.0
0.0
0.0
0.0
0.0
0.0
0.0
0.0
0.0
0.0
0.0
0.0
0.74984
1.60163
2.97225
4.40001
6.14938
8.05399
10.33525
15.61954
24.94448
34.3858
43.92383
54.30799
65.05741
76.26095
87.56303
99.89513
112.27943
124.68032
135.46168
140.90639
146.50782
152.40555
155.52121
155.92905
156.33066
156.72606
155.67598
154.20188
152.61293
151.08094
151.08865
151.07491
150.96274
150.88972
150.89935
150.90898
150.9186
150.92822
150.93784
150.56399
150.03754
149.60523
149.18765
148.66098
148.19637
148.20404
148.10259
147.67855
147.42029
-22.64301
-22.23877
-21.80717
-21.35561
-20.86501
-20.35866
-19.79956
-19.23094
-18.59386
-17.94649
-17.23092
-16.49716
-15.70923
-14.91837
-14.12285
-13.32342
-12.52037
-11.70422
-10.88111
-10.03239
-9.17673
-8.27957
-7.37554
-6.41745
-5.4458
-4.41773
-3.36263
-2.25213
-1.24472
-0.35779
0.0
0.0
0.0
0.0
0.0
0.0
0.0
0.0
0.0
0.0
0.0
0.0
0.0
0.0
0.0
0.0
0.0
0.0
0.0
0.0
0.0
0.0
0.0
0.0
0.0
0.0
0.0
0.0
0.0
0.0
0.0
0.0
0.45595
0.97971
2.02762
3.16609
4.8194
6.63097
8.82869
15.2301
27.40378
39.621
51.87999
63.8195
75.63407
87.89458
100.27193
113.05391
125.81126
138.52704
148.87659
151.39082
154.07481
157.06193
158.56229
158.57583
158.56079
158.52749
157.36648
155.86794
154.37353
152.93662
152.90453
152.87036
152.83412
152.81245
152.82786
152.86814
152.94153
152.9833
153.00061
152.63764
152.11887
151.6001
151.08132
150.49918
149.96676
149.84827
149.60972
149.01604
148.65187
-22.75521
-22.34938
-21.91627
-21.46276
-20.97024
-20.46151
-19.90004
-19.32858
-18.68862
-18.03834
-17.31891
-16.58156
-15.78907
-14.99319
-14.19177
-13.38586
-12.57566
-11.75185
-10.92061
-10.06334
-9.19878
-8.29252
-7.3794
-6.41161
-5.43066
-4.39285
-3.32857
-2.20852
-1.20814
-0.351
0.0
0.0
0.0
0.0
0.0
0.0
0.0
0.0
0.0
0.0
0.0
0.0
0.0
0.0
0.0
0.0
0.0
0.0
0.0
0.0
0.0
0.0
0.0
0.0
0.0
0.0
0.0
0.0
0.0
0.0
0.0
0.0
0.30057
0.64764
1.52207
2.55988
4.56013
6.71543
9.26009
16.7425
31.17134
45.73902
60.42664
74.91664
89.33329
104.05068
118.85665
128.43672
137.72468
146.97107
154.49302
156.13991
157.8915
159.8378
160.82758
160.84111
160.71757
160.5108
159.58141
158.42981
157.28234
156.16772
155.96216
155.75452
155.54481
155.40135
155.41676
155.53205
155.7789
155.89581
155.91312
155.55333
155.03456
154.51579
153.99701
153.24653
152.51928
152.05384
151.51305
150.7459
150.26993
-22.86824
-22.46086
-22.02628
-21.57084
-21.07643
-20.56536
-20.00154
-19.42727
-18.78444
-18.13127
-17.40798
-16.66706
-15.87002
-15.06912
-14.26178
-13.44935
-12.63198
-11.80047
-10.96104
-10.09519
-9.22169
-8.30627
-7.38402
-6.40647
-5.4162
-4.3686
-3.2951
-2.16548
-1.17152
-0.34393
0.0
0.0
0.0
0.0
0.0
0.0
0.0
0.0
0.0
0.0
0.0
0.0
0.0
0.0
0.0
0.0
0.0
0.0
0.0
0.0
0.0
0.0
0.0
0.0
0.0
0.0
0.0
0.0
0.0
0.0
0.0
0.0
0.14728
0.31765
1.01861
1.94949
4.29669
6.79571
9.68732
18.22782
34.9118
51.82789
68.94413
85.98256
103.00131
120.17768
137.41227
143.86109
149.67965
155.45663
160.11983
160.89936
161.72063
162.62611
163.09286
163.10639
162.87643
162.49618
161.7922
160.98753
160.187
159.40089
159.02185
158.64074
158.25756
157.99024
158.00565
158.19389
158.61422
158.80832
158.82563
158.46903
157.95026
157.43148
156.9127
155.99595
155.07591
154.26352
153.41843
152.47781
151.88799
-22.98129
-22.57236
-22.13631
-21.67894
-21.18266
-20.66923
-20.10307
-19.52599
-18.8803
-18.22425
-17.49711
-16.75262
-15.95101
-15.14512
-14.33185
-13.51293
-12.68839
-11.84919
-11.00157
-10.12716
-9.2447
-8.32014
-7.38875
-6.40146
-5.40185
-4.34447
-3.26175
-2.12255
-1.13454
-0.3365
0.0
0.0
0.0
0.0
0.0
0.0
0.0
0.0
0.0
0.0
0.0
0.0
0.0
0.0
0.0
0.0
0.0
0.0
0.0
0.0
0.0
0.0
0.0
0.0
0.0
0.0
0.0
0.0
0.0
0.0
0.0
0.0
0.00785
0.02098
0.56757
1.41472
4.18941
7.12938
10.48184
20.05415
38.76809
57.75614
76.97697
96.21554
115.46045
134.69704
153.92531
157.58211
160.2882
163.01705
165.17861
165.21089
165.24524
165.28167
165.30698
165.31858
165.00047
164.47599
163.95151
163.42703
162.90254
162.3787
161.88993
161.40322
160.91858
160.57914
160.59455
160.81914
161.32826
161.53673
161.50565
161.13291
160.60837
160.08383
159.55928
158.51974
157.45912
156.3985
155.33787
154.27723
153.60726
-23.09895
-22.68872
-22.25149
-21.79247
-21.29463
-20.77918
-20.21104
-19.63152
-18.98338
-18.32487
-17.59432
-16.84674
-16.04108
-15.23072
-14.41206
-13.58721
-12.75605
-11.90976
-11.05455
-10.1722
-9.28143
-8.34841
-7.40858
-6.41227
-5.40408
-4.33771
-3.24658
-2.09867
-1.11211
-0.33322
0.0
0.0
0.0
0.0
0.0
0.0
0.0
0.0
0.0
0.0
0.0
0.0
0.0
0.0
0.0
0.0
0.0
0.0
0.0
0.0
0.0
0.0
0.0
0.0
0.0
0.0
0.0
0.0
0.0
0.0
0.0
0.0
0.30608
0.66599
1.38401
2.59249
7.10191
11.77338
16.86056
26.90174
44.40142
62.17199
80.17856
98.54976
117.10083
135.64357
154.17799
158.05197
160.94369
164.01949
166.50855
166.7143
166.92213
167.13202
167.24865
167.26025
166.94534
166.42086
165.89638
165.3719
164.84741
164.32558
164.01028
163.69704
163.38587
163.16804
163.18344
163.33284
163.66849
163.70668
163.50213
163.07776
162.55322
162.02868
161.50414
160.46777
159.40715
158.34652
157.28589
156.22526
155.54894
-23.21911
-22.80766
-22.36931
-21.90872
-21.4094
-20.89201
-20.32197
-19.74009
-19.0896
-18.42872
-17.69486
-16.94429
-16.13466
-15.31993
-14.49597
-13.66528
-12.82757
-11.97427
-11.11154
-10.22133
-9.3223
-8.38088
-7.43266
-6.42738
-5.41065
-4.33532
-3.23582
-2.07922
-1.09273
-0.33066
0.0
0.0
0.0
0.0
0.0
0.0
0.0
0.0
0.0
0.0
0.0
0.0
0.0
0.0
0.0
0.0
0.0
0.0
0.0
0.0
0.0
0.0
0.0
0.0
0.0
0.0
0.0
0.0
0.0
0.0
0.0
0.0
0.60013
1.30699
2.19837
3.7494
9.99354
16.39652
23.21843
33.76393
50.04934
66.60242
83.39472
100.89231
118.74952
136.59841
154.43898
158.51975
161.59502
165.01777
167.83641
168.21564
168.59693
168.9803
169.19032
169.20192
168.89021
168.36574
167.84125
167.31677
166.79228
166.27038
166.12856
165.9888
165.8511
165.75693
165.77234
165.8486
166.01078
165.87868
165.50066
165.02262
164.49808
163.97354
163.44899
162.41581
161.35518
160.29455
159.23392
158.17328
157.49061
-23.33929
-22.92661
-22.48714
-22.02499
-21.52419
-21.00486
-20.43293
-19.8487
-19.19586
-18.53261
-17.79545
-17.04189
-16.22829
-15.40922
-14.57994
-13.74343
-12.89918
-12.03888
-11.16863
-10.27056
-9.36327
-8.41345
-7.45685
-6.44259
-5.41732
-4.33304
-3.22515
-2.05987
-1.07314
-0.32789
0.0
0.0
0.0
0.0
0.0
0.0
0.0
0.0
0.0
0.0
0.0
0.0
0.0
0.0
0.0
0.0
0.0
0.0
0.0
0.0
0.0
0.0
0.0
0.0
0.0
0.0
0.0
0.0
0.0
0.0
0.0
0.0
0.89
1.94381
3.01064
4.88543
12.86431
20.99881
29.55546
40.6407
55.71183
71.04742
86.62545
103.2324
120.3668
137.49691
154.62315
158.89237
162.14971
165.92198
169.07664
169.61772
170.16407
170.7204
171.022
171.02393
170.71404
170.19542
169.67887
169.16439
168.63638
168.10655
168.11234
168.12098
168.14905
168.17291
168.18062
168.18832
168.19602
167.92941
167.42992
166.9127
166.38624
165.85977
165.33331
164.30138
163.23883
162.17628
161.10598
160.00561
159.28819
-23.46566
-23.05205
-22.61182
-22.14846
-21.6466
-21.12574
-20.55242
-19.96632
-19.3117
-18.64668
-17.90687
-17.15102
-16.33422
-15.51162
-14.6779
-13.83651
-12.98671
-12.12049
-11.24381
-10.33906
-9.42472
-8.46779
-7.50412
-6.48227
-5.44986
-4.35808
-3.24331
-2.07088
-1.07759
-0.33246
0.0
0.0
0.0
0.0
0.0
0.0
0.0
0.0
0.0
0.0
0.0
0.0
0.0
0.0
0.0
0.0
0.0
0.0
0.0
0.0
0.0
0.0
0.0
0.0
0.0
0.0
0.0
0.0
0.0
0.0
0.0
0.0
1.5857
3.47936
5.54402
8.21386
15.60966
23.08752
30.83379
41.07832
55.40773
69.91625
84.59173
100.52641
117.14043
133.88609
150.66543
155.78613
159.90763
164.54728
168.45868
169.17323
169.94886
170.85213
171.34561
171.34754
171.14332
170.79818
170.4551
170.11409
169.61041
169.08013
169.08318
169.11415
169.31569
169.46736
169.47507
169.48277
169.49047
169.31938
168.99336
168.53395
168.00748
167.48102
166.95455
165.9258
164.86325
163.8007
162.69485
161.42101
160.58264
-23.59692
-23.1825
-22.74163
-22.2772
-21.77443
-21.25222
-20.67769
-20.08991
-19.43374
-18.76716
-18.02494
-17.26705
-16.44731
-15.62146
-14.7836
-13.93765
-13.0826
-12.21076
-11.32797
-10.41688
-9.4958
-8.53208
-7.56162
-6.53248
-5.49322
-4.39424
-3.27284
-2.09352
-1.09104
-0.33978
0.0
0.0
0.0
0.0
0.0
0.0
0.0
0.0
0.0
0.0
0.0
0.0
0.0
0.0
0.0
0.0
0.0
0.0
0.0
0.0
0.0
0.0
0.0
0.0
0.0
0.0
0.0
0.0
0.0
0.0
0.0
0.0
2.29917
5.06021
8.15956
11.6565
18.35841
25.09866
31.97758
41.37997
55.01552
68.73978
82.54792
97.82666
113.9203
130.27943
146.71186
152.66949
157.65517
163.16218
167.83864
168.72667
169.72949
170.97972
171.66922
171.67116
171.57054
171.39886
171.22926
171.06172
170.58444
170.05416
170.05401
170.10526
170.48027
170.76181
170.76951
170.77722
170.78491
170.70729
170.55475
170.15519
169.62873
169.10226
168.57579
167.55022
166.48767
165.42511
164.28578
162.83846
161.87708
-23.72818
-23.31296
-22.87145
-22.40596
-21.90229
-21.37872
-20.80298
-20.21353
-19.5558
-18.88767
-18.14305
-17.38312
-16.56043
-15.73135
-14.88935
-14.03884
-13.17854
-12.30111
-11.41221
-10.49477
-9.56695
-8.59645
-7.61922
-6.58279
-5.53668
-4.43049
-3.30245
-2.11624
-1.10457
-0.34716
0.0
0.0
0.0
0.0
0.0
0.0
0.0
0.0
0.0
0.0
0.0
0.0
0.0
0.0
0.0
0.0
0.0
0.0
0.0
0.0
0.0
0.0
0.0
0.0
0.0
0.0
0.0
0.0
0.0
0.0
0.0
0.0
3.0022
6.63061
10.76257
15.10748
21.11552
27.12022
33.1318
41.68996
54.63164
67.57371
80.51451
95.13316
110.70641
126.67693
142.76244
149.54247
155.39231
161.76671
167.21652
168.27803
169.50598
171.10316
171.99284
171.99477
171.99568
171.99748
172.00056
172.00249
171.55164
171.02178
171.02093
171.09365
171.63551
172.04219
172.04797
172.05746
172.07427
172.08098
172.07543
171.71621
171.17046
170.63514
170.10291
169.09127
168.04166
166.97527
165.8088
164.22849
163.17153
-23.8665
-23.45081
-23.00904
-22.5429
-22.03879
-21.51436
-20.93797
-20.34743
-19.68884
-19.01986
-18.27363
-17.51251
-16.68782
-15.85654
-15.01151
-14.15767
-13.29342
-12.4118
-11.51825
-10.59605
-9.66311
-8.68755
-7.70516
-6.66346
-5.61239
-4.50097
-3.3683
-2.17726
-1.14928
-0.36459
0.0
0.0
0.0
0.0
0.0
0.0
0.0
0.0
0.0
0.0
0.0
0.0
0.0
0.0
0.0
0.0
0.0
0.0
0.0
0.0
0.0
0.0
0.0
0.0
0.0
0.0
0.0
0.0
0.0
0.0
0.0
0.0
2.24449
4.95646
8.02484
11.31147
16.72604
22.16892
27.72425
35.8535
48.52496
61.27188
74.09689
88.61355
104.11897
120.03488
136.07641
144.26374
151.61771
159.50775
166.31167
167.71142
169.22737
171.00258
172.0
172.0
172.09843
172.27177
172.32418
172.32611
172.02458
171.66819
171.83762
172.0613
172.60315
173.01303
173.01881
173.0943
173.28458
173.28608
173.10707
172.57755
171.85833
171.28555
170.75331
169.9042
169.01885
167.95246
166.82171
165.41487
164.46598
-24.0128
-23.59683
-23.15502
-22.68845
-22.18417
-21.65916
-21.08246
-20.49116
-19.8321
-19.16266
-18.41528
-17.65343
-16.82725
-15.99431
-15.14685
-14.2903
-13.42277
-12.53765
-11.64015
-10.71391
-9.77657
-8.79669
-7.80964
-6.7636
-5.70827
-4.59229
-3.45565
-2.26042
-1.21189
-0.38787
0.0
0.0
0.0
0.0
0.0
0.0
0.0
0.0
0.0
0.0
0.0
0.0
0.0
0.0
0.0
0.0
0.0
0.0
0.0
0.0
0.0
0.0
0.0
0.0
0.0
0.0
0.0
0.0
0.0
0.0
0.0
0.0
1.23527
2.73292
4.41949
6.37938
11.27355
16.2335
21.44189
29.24316
41.74118
54.3988
67.22385
81.72445
97.22991
113.14264
129.1842
138.82011
147.73215
157.18349
165.38916
167.13587
168.94486
170.89354
172.0
172.0
172.19582
172.54263
172.64779
172.64972
172.49545
172.31253
172.65224
173.02894
173.5708
173.98387
173.98964
174.12907
174.49283
174.49326
174.14076
173.44096
172.54826
171.93595
171.40372
170.71508
169.99605
168.92965
167.83257
166.5992
165.76043
-24.1591
-23.74285
-23.301
-22.834
-22.32956
-21.80396
-21.22695
-20.6349
-19.97536
-19.30547
-18.55694
-17.79436
-16.9667
-16.1321
-15.28222
-14.42298
-13.55216
-12.66354
-11.76209
-10.83182
-9.89008
-8.90588
-7.91417
-6.86379
-5.8042
-4.68367
-3.54306
-2.34363
-1.27498
-0.41163
0.0
0.0
0.0
0.0
0.0
0.0
0.0
0.0
0.0
0.0
0.0
0.0
0.0
0.0
0.0
0.0
0.0
0.0
0.0
0.0
0.0
0.0
0.0
0.0
0.0
0.0
0.0
0.0
0.0
0.0
0.0
0.0
0.24068
0.52401
0.83083
1.45356
5.82731
10.30225
15.1637
22.63491
34.95948
47.52573
60.3508
74.83536
90.34084
106.25039
122.29198
133.35778
143.8279
154.84053
164.46251
166.55616
168.66026
170.78243
172.0
172.0
172.29113
172.81142
172.9714
172.97333
172.96425
172.95481
173.4648
173.99658
174.53844
174.9547
174.96048
175.16178
175.69902
175.70249
175.17652
174.30643
173.24025
172.58619
172.05401
171.52188
170.96733
169.90332
168.84044
167.77403
167.04116
-24.3126
-23.89643
-23.45492
-22.98792
-22.48378
-21.9581
-21.38134
-20.78911
-20.12976
-19.4601
-18.71119
-17.9487
-17.12046
-16.28517
-15.43392
-14.57313
-13.70023
-12.80944
-11.90541
-10.97257
-10.02794
-9.04104
-8.04632
-6.99334
-5.93126
-4.80803
-3.66533
-2.46366
-1.36887
-0.44586
0.0
0.0
0.0
0.0
0.0
0.0
0.0
0.0
0.0
0.0
0.0
0.0
0.0
0.0
0.0
0.0
0.0
0.0
0.0
0.0
0.0
0.0
0.0
0.0
0.0
0.0
0.0
0.0
0.0
0.0
0.0
0.0
0.0
0.0
0.0
0.26023
3.73666
7.31278
11.30026
17.85634
29.32392
41.03554
53.01423
66.71125
81.48965
96.55033
111.69756
123.78557
135.48676
147.58318
158.2885
161.14548
164.05633
167.08735
169.22866
170.14026
171.27533
172.59019
173.10911
173.26901
173.56308
173.88923
174.26671
174.65957
175.1995
175.61703
175.62088
175.69774
175.89995
175.73328
175.1972
174.4307
173.5318
173.046
172.6873
172.17229
171.62713
170.7366
169.81763
168.75122
168.01199
-24.47791
-24.06208
-23.62122
-23.15455
-22.65108
-22.1257
-21.54963
-20.95769
-20.29905
-19.63015
-18.88147
-18.11967
-17.29152
-16.45628
-15.60444
-14.74292
-13.86882
-12.97674
-12.07105
-11.1366
-10.19003
-9.2014
-8.20464
-7.15004
-6.08642
-4.96144
-3.81757
-2.61456
-1.48842
-0.48888
0.0
0.0
0.0
0.0
0.0
0.0
0.0
0.0
0.0
0.0
0.0
0.0
0.0
0.0
0.0
0.0
0.0
0.0
0.0
0.0
0.0
0.0
0.0
0.0
0.0
0.0
0.0
0.0
0.0
0.0
0.0
0.0
0.0
0.0
0.0
0.16778
2.60336
5.13541
8.08205
13.55221
23.97896
34.64653
45.58439
58.32897
72.24002
86.30234
100.40875
113.45297
126.36429
139.50158
151.27797
155.00233
158.82825
162.90013
166.09511
168.04757
170.12592
172.30817
173.22682
173.5602
174.1688
174.84189
175.06996
175.3036
175.84353
176.26425
176.2681
176.21991
176.07517
175.73646
175.20038
174.54469
173.81926
173.50375
173.31852
172.82269
172.28487
171.56781
170.79482
169.72841
168.98283
-24.64322
-24.22773
-23.78752
-23.32117
-22.81837
-22.2933
-21.71793
-21.12626
-20.46833
-19.80019
-19.05175
-18.29064
-17.46259
-16.62739
-15.77496
-14.91273
-14.03741
-13.14407
-12.23671
-11.30066
-10.35214
-9.36179
-8.36298
-7.30675
-6.24159
-5.11487
-3.96983
-2.76549
-1.6089
-0.53284
0.0
0.0
0.0
0.0
0.0
0.0
0.0
0.0
0.0
0.0
0.0
0.0
0.0
0.0
0.0
0.0
0.0
0.0
0.0
0.0
0.0
0.0
0.0
0.0
0.0
0.0
0.0
0.0
0.0
0.0
0.0
0.0
0.0
0.0
0.0
0.08784
1.48257
2.97055
4.87634
9.26058
18.6465
28.27001
38.16704
49.95711
63.00081
76.06683
89.13242
103.10582
117.22935
131.40753
144.25705
148.8488
153.58772
158.70047
162.94913
165.94245
168.96616
172.01579
173.34246
173.84931
174.77037
175.79042
175.87528
175.94763
176.48756
176.91147
176.91532
176.7462
176.25451
175.73965
175.20357
174.65661
174.10466
173.95944
173.94769
173.4731
172.94056
172.39697
171.77201
170.7056
169.95367
-24.81429
-24.39945
-23.9602
-23.49449
-22.99267
-22.46821
-21.89383
-21.30273
-20.64579
-19.97868
-19.23069
-18.4705
-17.64272
-16.8077
-15.95471
-15.09174
-14.21511
-13.32033
-12.41109
-11.47314
-10.52236
-9.52993
-8.52868
-7.47043
-6.40331
-5.27444
-4.12781
-2.92177
-1.73855
-0.59469
-0.01578
-0.00429
0.0
0.0
0.0
0.0
0.0
0.0
0.0
0.0
0.0
0.0
0.0
0.0
0.0
0.0
0.0
0.0
0.0
0.0
0.0
0.0
0.0
0.0
0.0
0.0
0.0
0.0
0.0
0.0
0.0
0.0
0.0
0.0
0.0
0.12125
2.27084
4.54174
7.26495
12.13267
21.4052
30.92667
40.73943
53.07284
67.13508
81.21603
95.31568
108.10437
120.65655
133.31061
144.79027
148.82004
152.98111
157.52205
161.57697
164.92749
168.28008
171.63475
173.19019
173.86858
174.86485
175.93701
176.13804
176.31616
176.85417
177.27935
177.28127
177.0982
176.56404
176.1037
175.72495
175.25246
174.72022
174.58948
174.59332
174.26492
173.89175
173.36143
172.7492
171.68278
170.9245
-24.99957
-24.58572
-24.14774
-23.68295
-23.18236
-22.65873
-22.08552
-21.49516
-20.83929
-20.17328
-19.42574
-18.66645
-17.83882
-17.00379
-16.14989
-15.28575
-14.40725
-13.51041
-12.59859
-11.65802
-10.70421
-9.70889
-8.70442
-7.64336
-6.57351
-5.44178
-4.29288
-3.08452
-1.87864
-0.67674
-0.04945
-0.01347
0.0
0.0
0.0
0.0
0.0
0.0
0.0
0.0
0.0
0.0
0.0
0.0
0.0
0.0
0.0
0.0
0.0
0.0
0.0
0.0
0.0
0.0
0.0
0.0
0.0
0.0
0.0
0.0
0.0
0.0
0.0
0.0
0.0
0.18746
3.89835
7.72732
12.01182
17.9577
27.40373
37.09548
47.08173
60.38086
76.00443
91.6467
107.30766
118.09306
128.04313
138.26653
147.54593
150.53484
153.65185
157.15194
160.65493
164.17893
167.70501
171.23316
172.97807
173.82995
174.85845
175.93062
176.29942
176.63658
177.17459
177.60296
177.60489
177.425
176.89084
176.51178
176.3065
175.90287
175.37063
175.2367
175.24054
175.06663
174.86577
174.33544
173.72639
172.65997
171.89534
-25.18484
-24.77198
-24.33526
-23.87139
-23.37204
-22.84925
-22.2772
-21.68757
-21.03278
-20.36788
-19.62079
-18.8624
-18.03491
-17.1999
-16.34508
-15.47979
-14.59941
-13.70052
-12.78613
-11.84293
-10.8861
-9.8879
-8.88021
-7.81633
-6.74375
-5.60915
-4.45797
-3.2473
-2.01943
-0.75951
-0.08341
-0.02296
0.0
0.0
0.0
0.0
0.0
0.0
0.0
0.0
0.0
0.0
0.0
0.0
0.0
0.0
0.0
0.0
0.0
0.0
0.0
0.0
0.0
0.0
0.0
0.0
0.0
0.0
0.0
0.0
0.0
0.0
0.0
0.0
0.0
0.2349
5.50708
10.89413
16.73993
23.78064
33.40017
43.2622
53.42195
67.67016
84.85505
102.05864
119.28093
128.11293
135.46086
143.25151
150.31403
152.26209
154.33505
156.79428
159.73082
163.4283
167.12786
170.82949
172.76389
173.78925
174.85206
175.92423
176.45874
176.957
177.49501
177.92657
177.9285
177.7518
177.21764
176.91779
176.88599
176.55328
176.02104
175.88392
175.88776
175.86628
175.83978
175.30945
174.70357
173.63716
172.86618
-25.37329
-24.96161
-24.52638
-24.06364
-23.56572
-23.04397
-22.47328
-21.88456
-21.23101
-20.56738
-19.82087
-19.06349
-18.23621
-17.40125
-16.54546
-15.67891
-14.79647
-13.89529
-12.97802
-12.03185
-11.07159
-10.07007
-9.05867
-7.99148
-6.91564
-5.77765
-4.62365
-3.41016
-2.16773
-0.87067
-0.1467
-0.04093
0.0
0.0
0.0
0.0
0.0
0.0
0.0
0.0
0.0
0.0
0.0
0.0
0.0
0.0
0.0
0.0
0.0
0.0
0.0
0.0
0.0
0.0
0.0
0.0
0.0
0.0
0.0
0.0
0.0
0.0
0.0
0.0
0.0
0.184
4.93626
9.74025
14.87643
21.37373
30.97856
40.82062
50.96157
65.49816
83.25729
101.01851
118.78183
127.80087
135.24972
143.24317
150.57715
152.65858
154.85228
157.36444
160.26559
163.77757
167.35025
170.98032
172.85501
173.80052
174.74396
175.68533
176.37158
177.04641
177.84879
178.50037
178.50422
178.33264
177.8004
177.51577
177.51962
177.20369
176.67145
176.53115
176.53499
176.66387
176.8138
176.28347
175.68076
174.61434
173.83701
-25.57459
-25.16444
-24.73099
-24.26965
-23.7734
-23.25288
-22.68368
-22.09599
-21.44369
-20.78082
-20.03529
-19.2788
-18.45145
-17.61622
-16.75889
-15.89044
-15.00513
-14.10077
-13.17965
-12.22944
-11.26468
-10.25871
-9.24249
-8.17086
-7.09065
-5.94822
-4.79039
-3.57317
-2.32786
-1.02811
-0.25777
-0.0726
0.0
0.0
0.0
0.0
0.0
0.0
0.0
0.0
0.0
0.0
0.0
0.0
0.0
0.0
0.0
0.0
0.0
0.0
0.0
0.0
0.0
0.0
0.0
0.0
0.0
0.0
0.0
0.0
0.0
0.0
0.0
0.0
0.0
0.09312
2.93714
5.80128
8.85574
13.8727
23.47755
33.31641
43.45738
58.04739
75.98003
93.91477
111.8516
122.27239
131.28255
140.83411
149.66993
152.44528
155.28803
158.32063
161.40762
164.57265
167.88672
171.34333
173.06054
173.83257
174.60253
175.37043
176.20315
177.0597
178.20903
179.14759
179.15144
178.98305
178.45082
178.16299
178.16684
177.8541
177.32185
177.17837
177.18221
177.4594
177.78306
177.25748
176.65795
175.59153
174.80785
-25.77588
-25.36726
-24.93559
-24.47565
-23.98106
-23.46178
-22.89407
-22.3074
-21.65637
-20.99426
-20.2497
-19.49411
-18.6667
-17.83121
-16.97234
-16.102
-15.21383
-14.3063
-13.38132
-12.42709
-11.45782
-10.4474
-9.42636
-8.35029
-7.26572
-6.11885
-4.95718
-3.73622
-2.48803
-1.18557
-0.36981
-0.10524
0.0
0.0
0.0
0.0
0.0
0.0
0.0
0.0
0.0
0.0
0.0
0.0
0.0
0.0
0.0
0.0
0.0
0.0
0.0
0.0
0.0
0.0
0.0
0.0
0.0
0.0
0.0
0.0
0.0
0.0
0.0
0.0
0.0
0.0252
0.96096
1.88734
2.86007
6.37167
15.97654
25.81221
35.95319
50.59454
68.70069
86.80894
104.91929
116.7252
127.29668
138.40635
148.7544
152.22367
155.71756
159.27059
162.55379
165.37188
168.42527
171.7084
173.26814
173.86669
174.46318
175.05759
176.03265
177.06885
178.56515
179.79482
179.79867
179.63347
179.10123
178.81022
178.81406
178.5045
177.97226
177.82559
177.82944
178.25287
178.75002
178.2315
177.63514
176.56872
175.77868
-25.97843
-25.57145
-25.14168
-24.68327
-24.19048
-23.67255
-23.10647
-22.52093
-21.87128
-21.21005
-20.46655
-19.71195
-18.88454
-18.04886
-17.18844
-16.31619
-15.42506
-14.51425
-13.58525
-12.62681
-11.6528
-10.63769
-9.61154
-8.53073
-7.44147
-6.28985
-5.124
-3.89899
-2.64759
-1.34216
-0.48199
-0.1386
0.0
0.0
0.0
0.0
0.0
0.0
0.0
0.0
0.0
0.0
0.0
0.0
0.0
0.0
0.0
0.0
0.0
0.0
0.0
0.0
0.0
0.0
0.0
0.0
0.0
0.0
0.0
0.0
0.0
0.0
0.0
0.0
0.0
0.0
0.0
0.0
0.0
2.71735
12.08836
21.64096
31.44049
45.78126
63.70277
81.61805
99.5271
111.73943
122.76862
134.30993
145.14188
149.27797
153.44676
157.70578
161.62105
164.93715
168.47983
172.24616
173.89285
174.32178
174.836
175.37595
176.29684
177.27702
178.76972
180.0
180.0
179.87143
179.45725
179.22872
179.23064
178.99449
178.58663
178.47282
178.47666
178.71665
178.99519
178.60182
178.15124
177.34704
176.74952
-26.19146
-25.78643
-25.35886
-24.90224
-24.41146
-23.89509
-23.33076
-22.74648
-22.09825
-21.43791
-20.69541
-19.94171
-19.11408
-18.27793
-17.41547
-16.54074
-15.64594
-14.73105
-13.79715
-12.83354
-11.85381
-10.83297
-9.8007
-8.71412
-7.61916
-6.46183
-5.29087
-4.06097
-2.80557
-1.49648
-0.59313
-0.17234
0.0
0.0
0.0
0.0
0.0
0.0
0.0
0.0
0.0
0.0
0.0
0.0
0.0
0.0
0.0
0.0
0.0
0.0
0.0
0.0
0.0
0.0
0.0
0.0
0.0
0.0
0.0
0.0
0.0
0.0
0.0
0.0
0.0
0.0
0.0
0.0
0.0
2.51331
11.36391
20.32083
29.42646
43.12049
60.52161
77.91649
95.30514
107.18089
117.86314
129.05431
139.67919
144.50919
149.41055
154.53696
159.38802
163.74501
168.24003
172.87377
174.75181
175.00727
175.48003
176.01998
176.78231
177.58582
178.90504
180.0
180.0
179.92655
179.68584
179.55233
179.55426
179.41991
179.18552
179.12004
179.12388
179.07007
179.00165
178.77366
178.51826
178.06101
177.72036
-26.40446
-26.00139
-25.57602
-25.12118
-24.63243
-24.11761
-23.55504
-22.97201
-22.3252
-21.66576
-20.92426
-20.17147
-19.34362
-18.50703
-17.64253
-16.76534
-15.86686
-14.9479
-14.0091
-13.04034
-12.05489
-11.02833
-9.98993
-8.89758
-7.79692
-6.63387
-5.45779
-4.22301
-2.96359
-1.65084
-0.70522
-0.20703
0.0
0.0
0.0
0.0
0.0
0.0
0.0
0.0
0.0
0.0
0.0
0.0
0.0
0.0
0.0
0.0
0.0
0.0
0.0
0.0
0.0
0.0
0.0
0.0
0.0
0.0
0.0
0.0
0.0
0.0
0.0
0.0
0.0
0.0
0.0
0.0
0.0
2.31552
10.6457
19.00903
27.42077
40.46597
57.34668
74.22116
91.08941
102.62651
112.96182
123.80284
134.20818
139.73212
145.36396
151.35778
157.14256
162.54043
167.98988
173.49102
175.61284
175.69482
176.12406
176.66401
177.26984
177.89669
179.04243
180.0
180.0
179.9796
179.91237
179.87594
179.87787
179.84326
179.78236
179.76727
179.77111
179.4276
179.01222
178.94344
178.88117
178.77088
178.69119
-26.61758
-26.21652
-25.79341
-25.34041
-24.85374
-24.34054
-23.7798
-23.1981
-22.55278
-21.8943
-21.15387
-20.40205
-19.57403
-18.73705
-17.87053
-16.99091
-16.08873
-15.16568
-14.2219
-13.24793
-12.25665
-11.22426
-10.17959
-9.08133
-7.9748
-6.80587
-5.62449
-4.38464
-3.12102
-1.80446
-0.81756
-0.24245
0.0
0.0
0.0
0.0
0.0
0.0
0.0
0.0
0.0
0.0
0.0
0.0
0.0
0.0
0.0
0.0
0.0
0.0
0.0
0.0
0.0
0.0
0.0
0.0
0.0
0.0
0.0
0.0
0.0
0.0
0.0
0.0
0.0
0.0
0.0
0.0
0.0
1.87647
8.75977
15.61182
22.43264
34.90326
52.19872
69.56842
86.98522
99.68701
111.31491
123.48476
135.2025
140.96716
146.84257
153.13499
159.01268
164.1106
169.18986
174.25048
176.23747
176.33669
176.84164
177.48108
178.03406
178.58562
179.56175
180.38371
180.38756
180.39141
180.39526
180.39911
180.40296
180.34565
180.23884
180.20725
180.20917
179.85999
179.44086
179.42985
179.43368
179.43752
179.44135
-26.83803
-26.43925
-26.01865
-25.56774
-25.08336
-24.57195
-24.01318
-23.43291
-22.78914
-22.13165
-21.39225
-20.64136
-19.813
-18.97544
-18.10649
-17.22398
-16.31749
-15.38968
-14.44019
-13.46018
-12.46224
-11.42314
-10.37134
-9.26629
-8.15302
-6.9774
-5.7899
-4.54429
-3.27579
-1.95486
-0.92812
-0.278
0.0
0.0
0.0
0.0
0.0
0.0
0.0
0.0
0.0
0.0
0.0
0.0
0.0
0.0
0.0
0.0
0.0
0.0
0.0
0.0
0.0
0.0
0.0
0.0
0.0
0.0
0.0
0.0
0.0
0.0
0.0
0.0
0.0
0.0
0.0
0.0
0.0
1.14326
5.42438
9.67425
13.89289
25.92642
44.78324
63.83
82.98163
98.43016
113.00723
128.12305
142.58575
148.00346
153.52871
159.47419
164.59538
168.132
171.64995
175.14925
176.66675
176.93945
177.61467
178.4276
179.0017
179.54784
180.35049
181.03094
181.03479
181.03864
181.04249
181.04634
181.05018
180.89725
180.61696
180.53086
180.53278
180.3291
180.08345
180.07707
180.08091
180.08474
180.08858
-27.05846
-26.66195
-26.24388
-25.79503
-25.31295
-24.80333
-24.24653
-23.6677
-23.02548
-22.369
-21.63063
-20.88067
-20.05197
-19.21387
-18.34248
-17.4571
-16.5463
-15.61376
-14.65854
-13.67252
-12.66791
-11.62212
-10.56317
-9.45133
-8.33131
-7.149
-5.95539
-4.70401
-3.43062
-2.10531
-1.03958
-0.31446
0.0
0.0
0.0
0.0
0.0
0.0
0.0
0.0
0.0
0.0
0.0
0.0
0.0
0.0
0.0
0.0
0.0
0.0
0.0
0.0
0.0
0.0
0.0
0.0
0.0
0.0
0.0
0.0
0.0
0.0
0.0
0.0
0.0
0.0
0.0
0.0
0.0
0.44132
2.12024
3.76792
5.38437
16.93086
37.34903
58.07077
78.95725
97.13797
114.66424
132.72604
149.97315
155.04391
160.21901
165.81754
170.19674
172.17204
174.12868
176.06667
177.09395
177.54013
178.38564
179.37205
179.96934
180.51213
181.1413
181.67816
181.68201
181.68586
181.68971
181.69356
181.69741
181.45091
180.99715
180.85447
180.85639
180.79615
180.72398
180.7243
180.72813
180.73197
180.7358
-27.27886
-26.88463
-26.46907
-26.02231
-25.54252
-25.0347
-24.47987
-23.90248
-23.26181
-22.60633
-21.869
-21.11999
-20.29095
-19.45235
-18.57856
-17.69035
-16.77525
-15.83799
-14.87705
-13.88501
-12.87372
-11.82119
-10.75506
-9.63638
-8.50955
-7.32048
-6.12067
-4.86345
-3.58505
-2.25529
-1.15152
-0.35169
0.0
0.0
0.0
0.0
0.0
0.0
0.0
0.0
0.0
0.0
0.0
0.0
0.0
0.0
0.0
0.0
0.0
0.0
0.0
0.0
0.0
0.0
0.0
0.0
0.0
0.0
0.0
0.0
0.0
0.0
0.0
0.0
0.0
0.0
0.0
0.0
0.0
0.0
0.0
0.0
0.0
9.86996
28.67393
47.7036
66.8091
87.01992
107.57101
128.66073
148.91729
155.33691
161.8951
168.8713
173.89572
174.89843
175.89906
176.89762
177.62025
178.16021
179.09423
180.17028
180.78007
181.32002
181.85997
182.32538
182.32924
182.33309
182.33694
182.30348
182.21453
181.88312
181.34895
181.17808
181.18
181.18192
181.18384
181.18576
181.19589
181.29954
181.38302
-27.50221
-27.11049
-26.69767
-26.25319
-25.7759
-25.27005
-24.71737
-24.14156
-23.50256
-22.84818
-22.11194
-21.36393
-20.53449
-19.69527
-18.81877
-17.92741
-17.00755
-16.06508
-15.09784
-14.09917
-13.08054
-12.02062
-10.94662
-9.82043
-8.68612
-7.48967
-6.28305
-5.01945
-3.73556
-2.40094
-1.26079
-0.38873
0.0
0.0
0.0
0.0
0.0
0.0
0.0
0.0
0.0
0.0
0.0
0.0
0.0
0.0
0.0
0.0
0.0
0.0
0.0
0.0
0.0
0.0
0.0
0.0
0.0
0.0
0.0
0.0
0.0
0.0
0.0
0.0
0.0
0.0
0.0
0.0
0.0
0.0
0.0
0.0
0.0
6.16822
18.03299
30.00758
42.0004
63.41232
87.43308
111.98924
135.83303
146.24273
156.75518
167.54798
175.12781
175.95704
176.78419
177.60927
178.26428
178.80424
179.73506
180.81111
181.4241
181.96405
182.50401
182.97261
182.97646
182.98031
182.98416
182.88143
182.619
182.20992
181.67575
181.50169
181.50361
181.50553
181.50745
181.50937
181.53205
181.80918
182.03025
-27.72577
-27.33655
-26.92646
-26.48425
-26.00945
-25.50556
-24.955
-24.38075
-23.74341
-23.09009
-22.35493
-21.60788
-20.77804
-19.93823
-19.05902
-18.16453
-17.23991
-16.29225
-15.3187
-14.31341
-13.28745
-12.22014
-11.13828
-10.00458
-8.86278
-7.65895
-6.4455
-5.17553
-3.88612
-2.54664
-1.37093
-0.42665
0.0
0.0
0.0
0.0
0.0
0.0
0.0
0.0
0.0
0.0
0.0
0.0
0.0
0.0
0.0
0.0
0.0
0.0
0.0
0.0
0.0
0.0
0.0
0.0
0.0
0.0
0.0
0.0
0.0
0.0
0.0
0.0
0.0
0.0
0.0
0.0
0.0
0.0
0.0
0.0
0.0
2.54972
7.47528
12.39682
17.27694
39.76316
67.25359
95.27621
122.70102
137.1008
151.56962
166.17903
176.36197
177.01772
177.6714
178.323
178.9083
179.44826
180.37589
181.45194
182.06813
182.60808
183.14804
183.61983
183.62368
183.62753
183.63138
183.46145
183.02553
182.53672
182.00254
181.82531
181.82723
181.82915
181.83107
181.83298
181.86615
182.31676
182.67747
-27.9493
-27.56257
-27.15523
-26.71529
-26.24297
-25.74104
-25.19261
-24.61992
-23.98424
-23.33199
-22.59791
-21.85185
-21.02158
-20.18121
-19.2993
-18.40171
-17.47233
-16.51949
-15.53964
-14.52775
-13.49444
-12.41976
-11.33004
-10.18882
-9.03954
-7.82833
-6.60804
-5.33167
-4.03669
-2.69232
-1.48186
-0.46541
0.0
0.0
0.0
0.0
0.0
0.0
0.0
0.0
0.0
0.0
0.0
0.0
0.0
0.0
0.0
0.0
0.0
0.0
0.0
0.0
0.0
0.0
0.0
0.0
0.0
0.0
0.0
0.0
0.0
0.0
0.0
0.0
0.0
0.0
0.0
0.0
0.0
0.0
0.0
0.0
0.0
0.0
0.0
0.0
0.0
22.30774
51.06932
80.2205
108.83007
125.72282
142.61975
159.55947
171.83749
173.93525
176.11688
178.39035
179.63487
180.11078
180.92146
181.86113
182.45667
182.99277
183.52887
184.0
184.0
184.01884
184.09379
183.93187
183.39769
182.86351
182.32934
182.14892
182.15084
182.21783
182.30348
182.31319
182.34585
182.79971
183.16235
-28.17191
-27.78777
-27.38325
-26.94567
-26.47592
-25.97602
-25.42979
-24.85872
-24.22474
-23.5736
-22.84062
-22.09557
-21.26485
-20.42389
-19.53913
-18.63828
-17.70389
-16.74559
-15.7591
-14.74025
-13.69921
-12.61673
-11.51872
-10.36956
-9.21219
-7.99333
-6.76578
-5.48269
-4.18184
-2.83236
-1.58912
-0.50362
0.0
0.0
0.0
0.0
0.0
0.0
0.0
0.0
0.0
0.0
0.0
0.0
0.0
0.0
0.0
0.0
0.0
0.0
0.0
0.0
0.0
0.0
0.0
0.0
0.0
0.0
0.0
0.0
0.0
0.0
0.0
0.0
0.0
0.0
0.0
0.0
0.0
0.0
0.0
0.0
0.0
0.0
0.0
0.0
0.0
19.0688
43.84036
68.84195
93.49898
109.87132
126.27742
142.8702
156.43563
163.21741
170.15934
177.29031
180.50287
180.8053
181.31631
181.90902
182.45348
182.98958
183.52567
184.0
184.0
184.06176
184.31019
184.25866
183.72449
183.19031
182.65613
182.47253
182.47445
182.67777
182.93691
182.96042
182.98034
183.26072
183.48596
-28.39432
-28.0128
-27.61112
-27.17592
-26.70876
-26.21091
-25.66689
-25.09745
-24.46519
-23.81517
-23.08329
-22.33926
-21.5081
-20.66657
-19.77896
-18.87485
-17.93544
-16.9717
-15.97856
-14.95276
-13.90398
-12.81371
-11.70741
-10.55032
-9.38464
-8.15839
-6.92358
-5.63379
-4.32706
-2.97247
-1.69721
-0.54267
0.0
0.0
0.0
0.0
0.0
0.0
0.0
0.0
0.0
0.0
0.0
0.0
0.0
0.0
0.0
0.0
0.0
0.0
0.0
0.0
0.0
0.0
0.0
0.0
0.0
0.0
0.0
0.0
0.0
0.0
0.0
0.0
0.0
0.0
0.0
0.0
0.0
0.0
0.0
0.0
0.0
0.0
0.0
0.0
0.0
15.87768
36.65919
57.51325
78.17412
94.02605
109.93924
126.18509
140.97778
152.4436
164.14378
176.13228
181.37294
181.50189
181.7153
181.96104
182.45028
182.98638
183.52248
184.0
184.0
184.10261
184.52452
184.58546
184.05129
183.51711
182.98293
182.79614
182.79806
183.13565
183.56827
183.60764
183.6169
183.72379
183.80957
-28.6167
-28.23778
-27.83897
-27.40613
-26.94157
-26.44577
-25.90397
-25.33615
-24.70563
-24.05672
-23.32596
-22.58296
-21.75135
-20.90929
-20.01881
-19.11149
-18.16706
-17.19789
-16.19811
-15.16536
-14.10884
-13.01079
-11.89621
-10.73117
-9.5572
-8.32354
-7.08147
-5.78497
-4.47233
-3.11264
-1.80615
-0.58256
0.0
0.0
0.0
0.0
0.0
0.0
0.0
0.0
0.0
0.0
0.0
0.0
0.0
0.0
0.0
0.0
0.0
0.0
0.0
0.0
0.0
0.0
0.0
0.0
0.0
0.0
0.0
0.0
0.0
0.0
0.0
0.0
0.0
0.0
0.0
0.0
0.0
0.0
0.0
0.0
0.0
0.0
0.0
0.0
0.0
12.79079
29.6605
46.52168
63.31515
78.94865
94.67655
110.8628
126.88557
142.52126
158.39848
174.58436
181.66406
181.70666
181.78685
181.88614
182.34851
182.88268
183.41685
183.90142
183.95658
184.1276
184.6637
184.82259
184.34798
183.90696
183.50016
183.35926
183.36502
183.68426
184.08995
184.12743
184.12615
184.05765
184.0
-28.83507
-28.45873
-28.06274
-27.63226
-27.17027
-26.6765
-26.1369
-25.57069
-24.94188
-24.29407
-23.56441
-22.82244
-21.99035
-21.14776
-20.25435
-19.34376
-18.3942
-17.41952
-16.41295
-15.37313
-14.30873
-13.20275
-12.07973
-10.90661
-9.7242
-8.48299
-7.23353
-5.93022
-4.61157
-3.24672
-1.911
-0.62167
0.0
0.0
0.0
0.0
0.0
0.0
0.0
0.0
0.0
0.0
0.0
0.0
0.0
0.0
0.0
0.0
0.0
0.0
0.0
0.0
0.0
0.0
0.0
0.0
0.0
0.0
0.0
0.0
0.0
0.0
0.0
0.0
0.0
0.0
0.0
0.0
0.0
0.0
0.0
0.0
0.0
0.0
0.0
0.0
0.0
9.95523
23.18183
36.55324
49.96686
66.29432
82.71298
99.5932
116.8654
135.10337
153.5064
172.12107
180.46623
180.68232
181.05597
181.50223
182.0217
182.55587
183.09005
183.59437
183.82301
184.12441
184.66051
184.88905
184.58792
184.40701
184.34718
184.33009
184.33586
184.38525
184.44397
184.45104
184.4432
184.20122
184.0
-29.05206
-28.67834
-28.28521
-27.85711
-27.39774
-26.90602
-26.36867
-25.8041
-25.17704
-24.53037
-23.80186
-23.06096
-22.22843
-21.38536
-20.48906
-19.57524
-18.62057
-17.64042
-16.62708
-15.58022
-14.50796
-13.39408
-12.26264
-11.08146
-9.89062
-8.6419
-7.38505
-6.07498
-4.75033
-3.38037
-2.01629
-0.66148
0.0
0.0
0.0
0.0
0.0
0.0
0.0
0.0
0.0
0.0
0.0
0.0
0.0
0.0
0.0
0.0
0.0
0.0
0.0
0.0
0.0
0.0
0.0
0.0
0.0
0.0
0.0
0.0
0.0
0.0
0.0
0.0
0.0
0.0
0.0
0.0
0.0
0.0
0.0
0.0
0.0
0.0
0.0
0.0
0.0
7.16332
16.7468
26.62634
36.61026
53.63169
70.74111
88.3153
106.81413
127.65439
148.58532
169.62879
179.26634
179.65591
180.32096
181.11418
181.69489
182.22907
182.76325
183.28525
183.68738
184.12122
184.65732
184.95344
184.8258
184.90293
185.19007
185.30093
185.30669
185.09035
184.80211
184.77466
184.76231
184.34684
184.0
-29.26902
-28.89791
-28.50765
-28.08194
-27.62518
-27.13553
-26.60043
-26.0375
-25.4122
-24.76666
-24.03931
-23.29949
-22.46651
-21.623
-20.7238
-19.80679
-18.84701
-17.86139
-16.8413
-15.78741
-14.70728
-13.58551
-12.44565
-11.25641
-10.05716
-8.8009
-7.53666
-6.21982
-4.88916
-3.51408
-2.12238
-0.70208
0.0
0.0
0.0
0.0
0.0
0.0
0.0
0.0
0.0
0.0
0.0
0.0
0.0
0.0
0.0
0.0
0.0
0.0
0.0
0.0
0.0
0.0
0.0
0.0
0.0
0.0
0.0
0.0
0.0
0.0
0.0
0.0
0.0
0.0
0.0
0.0
0.0
0.0
0.0
0.0
0.0
0.0
0.0
0.0
0.0
4.71907
11.10538
17.95568
24.94907
41.85794
58.77719
76.06965
94.87646
117.77305
140.68039
163.6054
174.76355
176.21253
178.08893
180.19823
181.08174
181.68446
182.32867
182.97062
183.5048
184.04831
184.62613
185.01577
185.06161
185.3492
185.88722
186.09059
186.09251
185.68756
185.15337
185.05119
184.98481
184.4487
184.0
-29.47965
-29.11102
-28.72351
-28.30006
-27.84581
-27.35811
-26.82517
-26.2638
-25.64019
-24.99571
-24.26946
-23.53069
-22.69725
-21.8533
-20.95119
-20.03102
-19.06615
-18.07512
-17.04829
-15.98744
-14.89949
-13.7699
-12.62169
-11.42448
-10.21689
-8.95321
-7.68167
-6.35818
-5.02161
-3.64156
-2.24203
-0.80869
-0.06738
-0.01816
0.0
0.0
0.0
0.0
0.0
0.0
0.0
0.0
0.0
0.0
0.0
0.0
0.0
0.0
0.0
0.0
0.0
0.0
0.0
0.0
0.0
0.0
0.0
0.0
0.0
0.0
0.0
0.0
0.0
0.0
0.0
0.0
0.0
0.0
0.0
0.0
0.0
0.0
0.0
0.0
0.0
0.0
0.0
4.42662
10.46598
16.96611
23.5432
35.24759
46.9356
58.85009
73.65703
96.38019
119.18435
142.1094
156.21031
162.86383
169.94156
177.25539
179.41753
180.36722
181.52207
182.64382
183.178
183.75842
184.50972
185.07604
185.29536
185.66962
186.20765
186.4142
186.41612
186.01435
185.48016
185.2211
184.98799
184.45188
184.0
-29.68696
-29.32085
-28.93611
-28.51496
-28.06326
-27.57755
-27.04682
-26.48705
-25.86519
-25.22183
-24.49677
-23.75912
-22.92528
-22.08101
-21.17607
-20.25285
-19.28297
-18.28662
-17.25315
-16.18543
-15.08976
-13.95244
-12.79597
-11.59088
-10.37505
-9.10402
-7.82526
-6.49521
-5.15281
-3.76786
-2.36419
-0.92716
-0.147
-0.03996
0.0
0.0
0.0
0.0
0.0
0.0
0.0
0.0
0.0
0.0
0.0
0.0
0.0
0.0
0.0
0.0
0.0
0.0
0.0
0.0
0.0
0.0
0.0
0.0
0.0
0.0
0.0
0.0
0.0
0.0
0.0
0.0
0.0
0.0
0.0
0.0
0.0
0.0
0.0
0.0
0.0
0.0
0.0
4.13832
9.83073
15.9807
22.2009
28.69951
35.15833
41.69483
52.43969
74.98941
97.68831
120.61341
137.59496
149.45303
161.73211
174.2505
177.74918
179.04584
180.70928
182.31701
182.85119
183.46647
184.39126
185.13424
185.52705
185.99005
186.52808
186.73781
186.73973
186.34114
185.80695
185.39308
184.99116
184.45506
184.0
-29.89424
-29.53064
-29.14868
-28.72982
-28.28068
-27.79697
-27.26845
-26.71028
-26.09018
-25.44794
-24.72407
-23.98755
-23.15333
-22.30875
-21.40099
-20.47473
-19.49984
-18.49821
-17.4581
-16.38352
-15.28012
-14.13509
-12.97036
-11.75738
-10.53331
-9.25493
-7.96892
-6.63232
-5.28406
-3.89422
-2.4864
-1.04567
-0.22733
-0.06245
0.0
0.0
0.0
0.0
0.0
0.0
0.0
0.0
0.0
0.0
0.0
0.0
0.0
0.0
0.0
0.0
0.0
0.0
0.0
0.0
0.0
0.0
0.0
0.0
0.0
0.0
0.0
0.0
0.0
0.0
0.0
0.0
0.0
0.0
0.0
0.0
0.0
0.0
0.0
0.0
0.0
0.0
0.0
3.81943
9.10233
14.81603
20.58347
22.25371
23.89629
25.56231
32.60366
54.94413
77.46702
100.28121
119.86246
136.59318
153.69825
171.00236
175.88105
177.62838
179.86825
182.03791
182.5998
183.27222
184.37435
185.27844
185.78821
186.31048
186.84851
187.06142
187.06335
186.66793
186.13374
185.59955
185.06536
184.53117
184.07486
-30.09363
-29.73233
-29.35295
-28.93621
-28.48943
-28.00754
-27.48108
-26.92436
-26.30591
-25.66466
-24.9419
-24.20643
-23.3718
-22.52694
-21.61638
-20.68718
-19.70738
-18.70059
-17.65399
-16.57276
-15.46183
-14.30932
-13.13657
-11.91598
-10.68394
-9.39848
-8.10552
-6.76265
-5.40881
-4.01437
-2.60294
-1.15957
-0.30529
-0.08479
0.0
0.0
0.0
0.0
0.0
0.0
0.0
0.0
0.0
0.0
0.0
0.0
0.0
0.0
0.0
0.0
0.0
0.0
0.0
0.0
0.0
0.0
0.0
0.0
0.0
0.0
0.0
0.0
0.0
0.0
0.0
0.0
0.0
0.0
0.0
0.0
0.0
0.0
0.0
0.0
0.0
0.0
0.0
2.54799
6.09605
9.92441
13.78353
16.47214
19.17615
22.05658
29.39751
49.82969
70.37385
91.10627
110.5467
128.83883
147.5021
166.36762
172.62573
175.58746
178.87787
182.04527
182.78065
183.62336
184.89898
185.86521
186.20149
186.6309
187.16894
187.38504
187.38696
186.99472
186.46053
185.92634
185.39215
184.85796
184.39847
-30.287
-29.928
-29.55121
-29.13658
-28.69221
-28.21217
-27.68782
-27.1326
-26.51586
-25.87569
-25.15415
-24.41924
-23.58492
-22.73992
-21.82673
-20.89477
-19.91024
-18.89851
-17.84562
-16.75795
-15.63971
-14.47993
-13.29938
-12.07137
-10.83157
-9.53924
-8.2395
-6.89056
-5.53129
-4.13243
-2.71761
-1.27199
-0.38298
-0.10755
0.0
0.0
0.0
0.0
0.0
0.0
0.0
0.0
0.0
0.0
0.0
0.0
0.0
0.0
0.0
0.0
0.0
0.0
0.0
0.0
0.0
0.0
0.0
0.0
0.0
0.0
0.0
0.0
0.0
0.0
0.0
0.0
0.0
0.0
0.0
0.0
0.0
0.0
0.0
0.0
0.0
0.0
0.0
1.29734
3.11056
5.05564
7.00643
10.67811
14.44149
18.53632
26.21418
44.73806
63.30554
81.95618
101.21231
121.06585
141.28734
161.71426
169.35593
173.53207
177.87508
182.05056
182.95943
183.97244
185.42154
186.45404
186.61684
186.95133
187.48936
187.70865
187.71057
187.32152
186.78733
186.25313
185.71894
185.18475
184.72208
-30.48034
-30.12365
-29.74944
-29.33693
-28.89496
-28.41678
-27.89453
-27.34083
-26.7258
-26.08671
-25.36638
-24.63204
-23.79805
-22.95294
-22.03712
-21.10241
-20.11316
-19.09651
-18.03733
-16.94322
-15.81767
-14.65063
-13.46228
-12.22686
-10.97929
-9.68008
-8.37355
-7.01854
-5.65383
-4.25054
-2.83231
-1.38444
-0.46133
-0.13097
0.0
0.0
0.0
0.0
0.0
0.0
0.0
0.0
0.0
0.0
0.0
0.0
0.0
0.0
0.0
0.0
0.0
0.0
0.0
0.0
0.0
0.0
0.0
0.0
0.0
0.0
0.0
0.0
0.0
0.0
0.0
0.0
0.0
0.0
0.0
0.0
0.0
0.0
0.0
0.0
0.0
0.0
0.0
0.06748
0.14584
0.20973
0.25217
4.87163
9.6923
15.00155
23.05365
39.66922
56.2621
72.80705
91.80176
113.20361
134.98471
156.98895
166.0255
171.42198
176.83706
182.05379
183.13614
184.3174
185.92766
187.02877
187.04523
187.30018
187.84013
188.06452
188.06836
187.69841
187.18726
186.6598
186.12944
185.59908
185.13707
-30.66502
-30.31036
-29.93848
-29.52784
-29.08803
-28.61147
-28.09113
-27.53873
-26.92526
-26.28708
-25.56786
-24.83397
-24.00026
-23.15504
-22.23664
-21.2993
-20.30547
-19.2841
-18.21887
-17.11862
-15.98606
-14.81211
-13.61631
-12.37387
-11.11894
-9.81325
-8.50034
-7.13967
-5.76992
-4.3626
-2.94132
-1.49156
-0.53645
-0.15394
0.0
0.0
0.0
0.0
0.0
0.0
0.0
0.0
0.0
0.0
0.0
0.0
0.0
0.0
0.0
0.0
0.0
0.0
0.0
0.0
0.0
0.0
0.0
0.0
0.0
0.0
0.0
0.0
0.0
0.0
0.0
0.0
0.0
0.0
0.0
0.0
0.0
0.0
0.0
0.0
0.0
0.0
0.0
0.0
0.0
0.0
0.0
4.17405
8.5258
13.20024
19.79188
32.60429
45.43525
58.33115
76.89458
101.07225
125.62599
150.40605
161.37732
168.33518
175.31165
182.05495
183.31079
184.63145
186.24171
187.40665
187.5966
187.94421
188.48417
188.71174
188.71559
188.47316
188.1355
187.63381
187.10346
186.57309
186.10791
-30.8402
-30.48753
-30.11793
-29.70914
-29.27148
-28.79656
-28.27816
-27.72712
-27.11528
-26.47811
-25.76013
-25.02682
-24.19359
-23.34847
-22.42774
-21.48807
-20.48996
-19.46422
-18.39329
-17.28727
-16.14808
-14.96761
-13.76475
-12.51567
-11.25376
-9.94196
-8.62301
-7.25703
-5.88254
-4.4715
-3.04742
-1.59603
-0.61031
-0.177
0.0
0.0
0.0
0.0
0.0
0.0
0.0
0.0
0.0
0.0
0.0
0.0
0.0
0.0
0.0
0.0
0.0
0.0
0.0
0.0
0.0
0.0
0.0
0.0
0.0
0.0
0.0
0.0
0.0
0.0
0.0
0.0
0.0
0.0
0.0
0.0
0.0
0.0
0.0
0.0
0.0
0.0
0.0
0.0
0.0
0.0
0.0
3.64853
7.46119
11.44169
16.57388
25.56962
34.64604
43.89875
61.95426
88.90778
116.23415
143.79005
156.71052
165.22978
173.76764
182.05404
183.48337
184.94549
186.55576
187.78247
188.1459
188.58825
189.12821
189.35897
189.36281
189.24586
189.08169
188.60783
188.07747
187.54711
187.07875
-31.01536
-30.66467
-30.29737
-29.89041
-29.45492
-28.98164
-28.46518
-27.91549
-27.30529
-26.66912
-25.95238
-25.21966
-24.38691
-23.54193
-22.61887
-21.67688
-20.67451
-19.64441
-18.56778
-17.45601
-16.31019
-15.12319
-13.91328
-12.65756
-11.38867
-10.07074
-8.74575
-7.37445
-5.99521
-4.58044
-3.15354
-1.70052
-0.68478
-0.20068
0.0
0.0
0.0
0.0
0.0
0.0
0.0
0.0
0.0
0.0
0.0
0.0
0.0
0.0
0.0
0.0
0.0
0.0
0.0
0.0
0.0
0.0
0.0
0.0
0.0
0.0
0.0
0.0
0.0
0.0
0.0
0.0
0.0
0.0
0.0
0.0
0.0
0.0
0.0
0.0
0.0
0.0
0.0
0.0
0.0
0.0
0.0
3.12923
6.40488
9.69144
13.4015
18.58054
23.90035
29.50985
46.98082
76.71018
106.80921
137.14096
152.02511
162.10577
172.20504
182.05107
183.65389
185.25953
186.8698
188.15622
188.69314
189.23229
189.77225
190.00619
190.01003
190.0165
190.02581
189.5867
189.064
188.53573
188.06611
-31.18184
-30.83283
-30.46752
-30.06211
-29.62851
-29.15658
-28.64182
-28.09325
-27.48448
-26.84912
-26.13348
-25.4012
-24.56887
-23.72398
-22.79865
-21.85445
-20.84798
-19.81376
-18.7317
-17.61449
-16.4624
-15.26929
-14.05275
-12.79085
-11.51545
-10.19189
-8.86134
-7.48521
-6.10169
-4.68365
-3.25436
-1.8001
-0.75629
-0.2239
0.0
0.0
0.0
0.0
0.0
0.0
0.0
0.0
0.0
0.0
0.0
0.0
0.0
0.0
0.0
0.0
0.0
0.0
0.0
0.0
0.0
0.0
0.0
0.0
0.0
0.0
0.0
0.0
0.0
0.0
0.0
0.0
0.0
0.0
0.0
0.0
0.0
0.0
0.0
0.0
0.0
0.0
0.0
0.0
0.0
0.0
0.0
2.32718
4.77173
7.20592
9.87811
13.42957
17.15331
21.20776
36.4781
63.54878
90.81498
118.18391
134.93507
148.31216
161.87845
175.24468
178.82619
182.43249
186.06357
188.7964
189.33637
189.87633
190.41629
190.65341
190.65726
190.78508
190.96788
190.70543
190.35622
189.83335
189.36056
-31.33459
-30.98715
-30.62372
-30.21979
-29.78801
-29.31743
-28.80437
-28.25695
-27.64969
-27.01523
-26.30084
-25.56917
-24.73751
-23.89301
-22.96577
-22.01977
-21.00969
-19.97185
-18.88492
-17.76286
-16.60509
-15.40649
-14.18392
-12.91645
-11.63516
-10.30654
-8.97099
-7.59058
-6.20328
-4.78245
-3.35118
-1.89609
-0.8258
-0.24694
0.0
0.0
0.0
0.0
0.0
0.0
0.0
0.0
0.0
0.0
0.0
0.0
0.0
0.0
0.0
0.0
0.0
0.0
0.0
0.0
0.0
0.0
0.0
0.0
0.0
0.0
0.0
0.0
0.0
0.0
0.0
0.0
0.0
0.0
0.0
0.0
0.0
0.0
0.0
0.0
0.0
0.0
0.0
0.0
0.0
0.0
0.0
1.49527
3.07239
4.63914
6.32696
8.49053
10.82318
13.48973
26.39998
50.34793
74.38235
98.45507
117.07146
133.91833
151.107
168.14532
173.80869
179.49686
185.2098
189.44044
189.98041
190.52037
191.06033
191.30064
191.30448
191.5516
191.90788
191.8221
191.64639
191.13097
190.655
-31.48733
-31.14144
-30.7799
-30.37745
-29.9475
-29.47826
-28.96691
-28.42063
-27.81489
-27.18134
-26.4682
-25.73713
-24.90616
-24.06206
-23.13292
-22.18515
-21.17145
-20.13001
-19.0382
-17.9113
-16.74786
-15.54376
-14.31517
-13.04213
-11.75494
-10.42126
-9.0807
-7.696
-6.3049
-4.88128
-3.44802
-1.99209
-0.89588
-0.27056
0.0
0.0
0.0
0.0
0.0
0.0
0.0
0.0
0.0
0.0
0.0
0.0
0.0
0.0
0.0
0.0
0.0
0.0
0.0
0.0
0.0
0.0
0.0
0.0
0.0
0.0
0.0
0.0
0.0
0.0
0.0
0.0
0.0
0.0
0.0
0.0
0.0
0.0
0.0
0.0
0.0
0.0
0.0
0.0
0.0
0.0
0.0
0.67374
1.38342
2.08273
2.79241
3.56808
4.50962
5.78827
16.35914
37.18435
57.98903
78.76553
99.16649
119.48316
140.29216
161.02117
168.76641
176.53645
184.33126
190.08448
190.62444
191.16441
191.70437
191.94786
191.9517
192.31606
192.84584
192.93672
192.93449
192.4286
191.94945
-31.63214
-31.2875
-30.92751
-30.52623
-30.0978
-29.6296
-29.11968
-28.57428
-27.96981
-27.33694
-26.62488
-25.89424
-25.06384
-24.22008
-23.28907
-22.33961
-21.32244
-20.27762
-19.18119
-18.04979
-16.88103
-15.67185
-14.43769
-13.15955
-11.86696
-10.52871
-9.18366
-7.79519
-6.40079
-4.97487
-3.54004
-2.0837
-0.9633
-0.29374
0.0
0.0
0.0
0.0
0.0
0.0
0.0
0.0
0.0
0.0
0.0
0.0
0.0
0.0
0.0
0.0
0.0
0.0
0.0
0.0
0.0
0.0
0.0
0.0
0.0
0.0
0.0
0.0
0.0
0.0
0.0
0.0
0.0
0.0
0.0
0.0
0.0
0.0
0.0
0.0
0.0
0.0
0.0
0.0
0.0
0.0
0.0
0.49865
1.03477
1.57089
2.05117
2.30503
2.63908
3.13409
10.91781
26.9123
42.8447
58.71506
78.09295
98.7244
119.69083
140.63306
153.11121
165.65134
178.25342
187.75579
189.05817
190.37086
191.69386
192.38481
192.54784
193.07846
193.78173
193.91567
193.92142
193.57479
193.2439
-31.75824
-31.41462
-31.05601
-30.65574
-30.22872
-29.76149
-29.25296
-28.70845
-28.10534
-27.47323
-26.76243
-26.03242
-25.20293
-24.35986
-23.42748
-22.47689
-21.45693
-20.40944
-19.3092
-18.17411
-17.0009
-15.78752
-14.54868
-13.26634
-11.96922
-10.62728
-9.27856
-7.8871
-6.49016
-5.06262
-3.62687
-2.17067
-1.02793
-0.31645
0.0
0.0
0.0
0.0
0.0
0.0
0.0
0.0
0.0
0.0
0.0
0.0
0.0
0.0
0.0
0.0
0.0
0.0
0.0
0.0
0.0
0.0
0.0
0.0
0.0
0.0
0.0
0.0
0.0
0.0
0.0
0.0
0.0
0.0
0.0
0.0
0.0
0.0
0.0
0.0
0.0
0.0
0.0
0.0
0.0
0.0
0.0
0.49544
1.03156
1.56769
1.98245
1.88934
1.76095
1.56202
6.46986
17.25972
27.98749
38.65321
56.48374
76.94175
97.58195
118.23999
135.92283
153.66765
171.47443
185.07111
187.24093
189.42107
191.61151
192.80136
193.13788
193.83881
194.71556
194.8865
194.89226
194.71183
194.53835
-31.88432
-31.54173
-31.1845
-30.78525
-30.35963
-29.89337
-29.38624
-28.84262
-28.24085
-27.60952
-26.89998
-26.17059
-25.342
-24.49965
-23.56591
-22.6142
-21.59145
-20.54132
-19.43725
-18.29849
-17.12082
-15.90325
-14.65972
-13.37318
-12.07155
-10.72589
-9.3735
-7.97906
-6.57955
-5.15039
-3.71369
-2.25765
-1.09308
-0.33968
0.0
0.0
0.0
0.0
0.0
0.0
0.0
0.0
0.0
0.0
0.0
0.0
0.0
0.0
0.0
0.0
0.0
0.0
0.0
0.0
0.0
0.0
0.0
0.0
0.0
0.0
0.0
0.0
0.0
0.0
0.0
0.0
0.0
0.0
0.0
0.0
0.0
0.0
0.0
0.0
0.0
0.0
0.0
0.0
0.0
0.0
0.0
0.49224
1.02836
1.56448
1.91788
1.47779
0.89112
-0.00177
2.08404
7.66924
13.19236
18.65343
34.87661
55.16116
75.47721
95.79469
118.67251
141.62205
164.63354
182.3761
185.41338
188.46096
191.51886
193.21584
193.72585
194.59709
195.64734
195.85734
195.86309
195.84683
195.83279
-32.004
-31.66212
-31.30594
-30.90738
-30.48285
-30.01724
-29.51122
-28.96819
-28.36751
-27.7367
-27.0282
-26.29924
-25.47142
-24.62966
-23.69455
-22.74175
-21.71632
-20.6637
-19.55603
-18.41387
-17.23208
-16.01068
-14.76287
-13.47255
-12.16687
-10.81798
-9.4624
-8.06546
-6.66387
-5.23355
-3.79633
-2.34083
-1.15595
-0.36252
0.0
0.0
0.0
0.0
0.0
0.0
0.0
0.0
0.0
0.0
0.0
0.0
0.0
0.0
0.0
0.0
0.0
0.0
0.0
0.0
0.0
0.0
0.0
0.0
0.0
0.0
0.0
0.0
0.0
0.0
0.0
0.0
0.0
0.0
0.0
0.0
0.0
0.0
0.0
0.0
0.0
0.0
0.0
0.0
0.0
0.0
0.0
0.37853
0.79727
1.33145
1.60313
0.68865
-0.36172
-1.69707
-1.02315
2.08519
5.1749
8.24601
20.78867
36.95143
53.16529
69.33651
97.82292
126.50127
155.24984
177.69418
182.0067
186.33573
190.68125
193.09151
193.77117
194.80888
196.02878
196.27606
196.27798
196.41997
196.56362
-32.09921
-31.75773
-31.4023
-31.0042
-30.58057
-30.11547
-29.61047
-29.06802
-28.46847
-27.83828
-27.13102
-26.40271
-25.57605
-24.73533
-23.79951
-22.84635
-21.81914
-20.76499
-19.65479
-18.51036
-17.32561
-16.10159
-14.85073
-13.55787
-12.24935
-10.8984
-9.54072
-8.14245
-6.73981
-5.30929
-3.87242
-2.41824
-1.21515
-0.38455
0.0
0.0
0.0
0.0
0.0
0.0
0.0
0.0
0.0
0.0
0.0
0.0
0.0
0.0
0.0
0.0
0.0
0.0
0.0
0.0
0.0
0.0
0.0
0.0
0.0
0.0
0.0
0.0
0.0
0.0
0.0
0.0
0.0
0.0
0.0
0.0
0.0
0.0
0.0
0.0
0.0
0.0
0.0
0.0
0.0
0.0
0.0
0.21883
0.47045
1.00464
1.1935
-0.24145
-1.75598
-3.43831
-3.67871
-2.13177
-0.60346
0.90624
9.08092
19.86553
30.84782
41.81437
75.95072
110.52778
145.17507
172.51925
178.2197
183.93666
189.67011
192.85465
193.70781
194.91583
196.30922
196.59967
196.60159
196.90363
197.21084
-32.19441
-31.85332
-31.49865
-31.10101
-30.67827
-30.2137
-29.70972
-29.16783
-28.56943
-27.93984
-27.23383
-26.50617
-25.68067
-24.84099
-23.90447
-22.95097
-21.92197
-20.86632
-19.75359
-18.60689
-17.41917
-16.19255
-14.93862
-13.64322
-12.33187
-10.97886
-9.61889
-8.21945
-6.81576
-5.38503
-3.9485
-2.49564
-1.27481
-0.40704
0.0
0.0
0.0
0.0
0.0
0.0
0.0
0.0
0.0
0.0
0.0
0.0
0.0
0.0
0.0
0.0
0.0
0.0
0.0
0.0
0.0
0.0
0.0
0.0
0.0
0.0
0.0
0.0
0.0
0.0
0.0
0.0
0.0
0.0
0.0
0.0
0.0
0.0
0.0
0.0
0.0
0.0
0.0
0.0
0.0
0.0
0.0
0.06121
0.14363
0.67782
0.7901
-1.16533
-3.14609
-5.17541
-6.31563
-6.33011
-6.3632
-6.41491
-2.56271
2.84371
8.59234
14.3542
54.0083
94.48411
135.03015
167.32782
174.4162
181.5211
188.64248
192.61574
193.64238
195.02071
196.5876
196.92328
196.9252
197.38523
197.85807
-32.28551
-31.94451
-31.59028
-31.19279
-30.77063
-30.30626
-29.803
-29.26138
-28.66383
-28.03459
-27.32958
-26.60233
-25.7778
-24.93901
-24.0017
-23.04781
-22.01706
-20.95997
-19.84484
-18.69604
-17.5056
-16.27664
-15.01997
-13.72236
-12.40856
-11.05387
-9.69204
-8.29183
-6.88749
-5.45695
-4.02113
-2.56994
-1.33265
-0.42923
0.0
0.0
0.0
0.0
0.0
0.0
0.0
0.0
0.0
0.0
0.0
0.0
0.0
0.0
0.0
0.0
0.0
0.0
0.0
0.0
0.0
0.0
0.0
0.0
0.0
0.0
0.0
0.0
0.0
0.0
0.0
0.0
0.0
0.0
0.0
0.0
0.0
0.0
0.0
0.0
0.0
0.0
0.0
0.0
0.0
0.0
0.0
0.0
0.01553
0.55166
0.68442
-1.24044
-3.1942
-5.22281
-6.69904
-7.45786
-8.22082
-8.98792
-5.18378
0.58435
6.73703
12.99068
51.58263
91.04466
130.45715
162.32138
170.67423
179.08904
187.59837
192.24358
193.18411
194.46902
195.94156
196.36269
196.49114
196.98949
197.49471
-32.34561
-32.00426
-31.65006
-31.25238
-30.83051
-30.36614
-29.86344
-29.32203
-28.72536
-28.09654
-27.39275
-26.66618
-25.84308
-25.00569
-24.06845
-23.11509
-22.08375
-21.02645
-19.91031
-18.76089
-17.56926
-16.33954
-15.08173
-13.78354
-12.46889
-11.11409
-9.75194
-8.35239
-6.94879
-5.51968
-4.08575
-2.63722
-1.38587
-0.45022
0.0
0.0
0.0
0.0
0.0
0.0
0.0
0.0
0.0
0.0
0.0
0.0
0.0
0.0
0.0
0.0
0.0
0.0
0.0
0.0
0.0
0.0
0.0
0.0
0.0
0.0
0.0
0.0
0.0
0.0
0.0
0.0
0.0
0.0
0.0
0.0
0.0
0.0
0.0
0.0
0.0
0.0
0.0
0.0
0.0
0.0
0.0
0.0
0.01233
0.54846
0.75068
-0.8272
-2.48408
-4.3392
-5.87194
-6.97774
-8.08768
-9.20176
-3.48626
5.23124
14.1865
23.21602
57.67941
92.97773
128.22651
157.38036
166.94766
176.6405
186.53778
191.82666
192.5937
193.70194
195.00099
195.52554
195.82748
196.33909
196.84748
-32.40572
-32.06402
-31.70985
-31.31198
-30.89039
-30.42601
-29.92388
-29.38267
-28.78687
-28.15848
-27.45591
-26.73002
-25.90836
-25.07237
-24.13519
-23.18237
-22.15044
-21.09295
-19.9758
-18.82575
-17.63293
-16.40245
-15.1435
-13.84473
-12.52923
-11.17431
-9.81184
-8.41295
-7.01007
-5.5824
-4.15033
-2.70448
-1.43948
-0.47161
0.0
0.0
0.0
0.0
0.0
0.0
0.0
0.0
0.0
0.0
0.0
0.0
0.0
0.0
0.0
0.0
0.0
0.0
0.0
0.0
0.0
0.0
0.0
0.0
0.0
0.0
0.0
0.0
0.0
0.0
0.0
0.0
0.0
0.0
0.0
0.0
0.0
0.0
0.0
0.0
0.0
0.0
0.0
0.0
0.0
0.0
0.0
0.0
0.00912
0.54525
0.8128
-0.41811
-1.77603
-3.45766
-5.04069
-6.49348
-7.9504
-9.41147
-1.82389
9.84297
21.60291
33.40831
63.82574
94.96035
126.04541
152.4249
163.20665
174.17546
185.46069
191.4118
192.00535
192.93693
194.06249
194.68633
195.16176
195.68869
196.20026
-32.46479
-32.12247
-31.76806
-31.36971
-30.94811
-30.48343
-29.98157
-29.44025
-28.84504
-28.21679
-27.51515
-26.78967
-25.9692
-25.1344
-24.19711
-23.24468
-22.21207
-21.15432
-20.03616
-18.88551
-17.69157
-16.46045
-15.20051
-13.90133
-12.5852
-11.2304
-9.86787
-8.46989
-7.06801
-5.64206
-4.21211
-2.76919
-1.49159
-0.49275
0.0
0.0
0.0
0.0
0.0
0.0
0.0
0.0
0.0
0.0
0.0
0.0
0.0
0.0
0.0
0.0
0.0
0.0
0.0
0.0
0.0
0.0
0.0
0.0
0.0
0.0
0.0
0.0
0.0
0.0
0.0
0.0
0.0
0.0
0.0
0.0
0.0
0.0
0.0
0.0
0.0
0.0
0.0
0.0
0.0
0.0
0.0
0.0
0.00592
0.54204
0.83009
-0.33633
-1.65526
-3.36196
-4.90937
-6.22585
-7.5907
-8.99557
-0.0654
13.63153
27.34499
41.07498
69.57861
98.78961
128.09246
153.16114
163.56878
174.15229
185.06306
190.84454
191.37683
192.17397
193.12604
193.66689
194.07872
194.4885
194.88259
-32.48581
-32.14228
-31.78706
-31.38777
-30.96575
-30.50045
-29.99863
-29.45707
-28.86243
-28.23437
-27.5339
-26.8091
-25.99036
-25.15732
-24.22095
-23.26998
-22.2381
-21.1816
-20.06411
-18.91464
-17.72147
-16.49164
-15.2327
-13.93511
-12.62033
-11.26759
-9.90691
-8.51164
-7.11249
-5.68982
-4.26346
-2.82474
-1.53739
-0.51206
0.0
0.0
0.0
0.0
0.0
0.0
0.0
0.0
0.0
0.0
0.0
0.0
0.0
0.0
0.0
0.0
0.0
0.0
0.0
0.0
0.0
0.0
0.0
0.0
0.0
0.0
0.0
0.0
0.0
0.0
0.0
0.0
0.0
0.0
0.0
0.0
0.0
0.0
0.0
0.0
0.0
0.0
0.0
0.0
0.0
0.0
0.0
0.0
0.00271
0.53884
0.8128
-0.52712
-2.01635
-3.89654
-5.33564
-6.13165
-7.06985
-8.12773
1.76633
16.85123
31.95265
47.07061
75.05992
103.76433
132.72025
157.3272
166.34692
175.53933
185.06219
190.19414
190.72643
191.41306
192.19165
192.56219
192.80053
193.03681
193.26453
-32.50684
-32.1621
-31.80607
-31.40584
-30.9834
-30.51748
-30.01569
-29.4739
-28.87981
-28.25195
-27.55263
-26.82853
-26.01151
-25.18022
-24.24477
-23.29528
-22.26413
-21.20886
-20.09205
-18.94376
-17.75135
-16.52282
-15.26487
-13.96886
-12.65544
-11.30475
-9.94593
-8.55335
-7.15693
-5.73754
-4.31476
-2.88024
-1.58352
-0.53169
0.0
0.0
0.0
0.0
0.0
0.0
0.0
0.0
0.0
0.0
0.0
0.0
0.0
0.0
0.0
0.0
0.0
0.0
0.0
0.0
0.0
0.0
0.0
0.0
0.0
0.0
0.0
0.0
0.0
0.0
0.0
0.0
0.0
0.0
0.0
0.0
0.0
0.0
0.0
0.0
0.0
0.0
0.0
0.0
0.0
0.0
0.0
0.0
0.0
0.53563
0.79757
-0.71584
-2.37536
-4.42905
-5.76812
-6.04366
-6.55314
-7.26404
3.58151
20.05438
36.54378
53.0497
80.54742
108.74317
137.35216
161.50976
169.14156
176.94286
185.0778
189.54373
190.07602
190.65422
191.25931
191.45954
191.52439
191.58718
191.64648
-32.52788
-32.18194
-31.82509
-31.42392
-31.00105
-30.53452
-30.03275
-29.49072
-28.89718
-28.26953
-27.57136
-26.84777
-26.03219
-25.2024
-24.26761
-23.31935
-22.2887
-21.23446
-20.11814
-18.97087
-17.77908
-16.55172
-15.29468
-14.00019
-12.68809
-11.33943
-9.98248
-8.5926
-7.19896
-5.7829
-4.36376
-2.93349
-1.62822
-0.55101
0.0
0.0
0.0
0.0
0.0
0.0
0.0
0.0
0.0
0.0
0.0
0.0
0.0
0.0
0.0
0.0
0.0
0.0
0.0
0.0
0.0
0.0
0.0
0.0
0.0
0.0
0.0
0.0
0.0
0.0
0.0
0.0
0.0
0.0
0.0
0.0
0.0
0.0
0.0
0.0
0.0
0.0
0.0
0.0
0.0
0.0
0.0
0.0
0.0
0.53243
0.79431
-0.81409
-2.54245
-4.60626
-5.84801
-5.84608
-6.04056
-6.40448
4.63763
21.36293
38.14822
54.94241
81.26713
108.25521
135.72051
159.16402
167.21293
175.43706
183.97531
188.71244
189.24281
189.83366
190.46473
190.62287
190.61904
190.52441
190.41705
-32.5126
-32.16435
-31.8056
-31.40247
-30.97817
-30.51012
-30.00754
-29.46452
-28.87089
-28.24287
-27.54546
-26.82241
-26.00873
-25.18092
-24.24774
-23.30167
-22.2728
-21.22093
-20.10665
-18.962
-17.77257
-16.54818
-15.29388
-14.00277
-12.69386
-11.34908
-9.99584
-8.61042
-7.22126
-5.81012
-4.39615
-2.97151
-1.66161
-0.56672
0.0
0.0
0.0
0.0
0.0
0.0
0.0
0.0
0.0
0.0
0.0
0.0
0.0
0.0
0.0
0.0
0.0
0.0
0.0
0.0
0.0
0.0
0.0
0.0
0.0
0.0
0.0
0.0
0.0
0.0
0.0
0.0
0.0
0.0
0.0
0.0
0.0
0.0
0.0
0.0
0.0
0.0
0.0
0.0
0.0
0.0
0.0
0.0
0.0
0.52922
0.80393
-0.80448
-2.48558
-4.3759
-5.5244
-5.52247
-5.53213
-5.54906
4.93528
20.79315
36.84857
52.94882
77.55016
102.80018
128.5306
151.11902
161.24987
171.49518
181.94187
187.73842
188.26879
188.96396
189.76853
189.97565
189.97181
189.72611
189.44621
-32.49488
-32.1445
-31.78404
-31.37916
-30.95367
-30.48433
-29.98117
-29.43742
-28.84396
-28.21585
-27.51945
-26.79704
-25.98526
-25.1588
-24.22785
-23.28398
-22.25688
-21.20738
-20.09513
-18.9531
-17.76603
-16.5446
-15.29304
-14.00531
-12.69959
-11.35869
-10.00915
-8.62819
-7.2435
-5.83729
-4.42847
-3.00946
-1.69522
-0.58264
0.0
0.0
0.0
0.0
0.0
0.0
0.0
0.0
0.0
0.0
0.0
0.0
0.0
0.0
0.0
0.0
0.0
0.0
0.0
0.0
0.0
0.0
0.0
0.0
0.0
0.0
0.0
0.0
0.0
0.0
0.0
0.0
0.0
0.0
0.0
0.0
0.0
0.0
0.0
0.0
0.0
0.0
0.0
0.0
0.0
0.0
0.0
0.0
0.0
0.52602
0.81354
-0.79487
-2.43078
-4.14762
-5.20079
-5.19886
-5.02783
-4.69777
5.24327
20.2337
35.55718
50.96349
73.85383
97.36578
121.36132
143.04927
155.26206
167.53062
179.88577
186.7644
187.29478
188.09221
189.07027
189.32842
189.32459
188.92987
188.47538
-32.47718
-32.12469
-31.7625
-31.35588
-30.92918
-30.45856
-29.95482
-29.41033
-28.81703
-28.18882
-27.49344
-26.77166
-25.96177
-25.13667
-24.20794
-23.26626
-22.24094
-21.1938
-20.08359
-18.94418
-17.75947
-16.54099
-15.29217
-14.00781
-12.70529
-11.36825
-10.02229
-8.64565
-7.26532
-5.86395
-4.46019
-3.04676
-1.7285
-0.59856
0.0
0.0
0.0
0.0
0.0
0.0
0.0
0.0
0.0
0.0
0.0
0.0
0.0
0.0
0.0
0.0
0.0
0.0
0.0
0.0
0.0
0.0
0.0
0.0
0.0
0.0
0.0
0.0
0.0
0.0
0.0
0.0
0.0
0.0
0.0
0.0
0.0
0.0
0.0
0.0
0.0
0.0
0.0
0.0
0.0
0.0
0.0
0.0
0.0
0.52281
0.82315
-0.78526
-2.40928
-4.08276
-5.09783
-5.03248
-4.68929
-4.08367
4.89159
18.36547
32.23073
46.1829
68.36446
91.31153
114.7062
136.32232
150.24407
164.2059
178.23718
186.09383
186.62804
187.43064
188.41595
188.6812
188.67736
188.28664
187.8361
-32.43009
-32.07458
-31.70978
-31.30057
-30.87185
-30.39919
-29.89417
-29.34833
-28.75463
-28.12586
-27.43113
-26.7097
-25.90159
-25.0778
-24.15158
-23.21243
-22.1895
-21.14541
-20.03813
-18.90232
-17.72109
-16.50676
-15.26198
-13.98234
-12.68441
-11.35267
-10.012
-8.64136
-7.26704
-5.87203
-4.47482
-3.06827
-1.74982
-0.61048
0.0
0.0
0.0
0.0
0.0
0.0
0.0
0.0
0.0
0.0
0.0
0.0
0.0
0.0
0.0
0.0
0.0
0.0
0.0
0.0
0.0
0.0
0.0
0.0
0.0
0.0
0.0
0.0
0.0
0.0
0.0
0.0
0.0
0.0
0.0
0.0
0.0
0.0
0.0
0.0
0.0
0.0
0.0
0.0
0.0
0.0
0.0
0.0
0.0
0.51961
0.83276
-0.77565
-2.44072
-4.2877
-5.35702
-5.11817
-4.60469
-3.82557
3.57242
14.61741
26.05059
37.57386
60.44053
84.41761
108.6798
131.2832
146.41944
161.65033
177.06959
185.76703
186.30125
186.99934
187.81116
188.03398
188.03014
187.79067
187.51362
-32.3777
-32.01927
-31.65195
-31.24028
-30.80967
-30.33514
-29.829
-29.28199
-28.6881
-28.05898
-27.36512
-26.64428
-25.83821
-25.01599
-24.09255
-23.15619
-22.13594
-21.09518
-19.9911
-18.85915
-17.68164
-16.4717
-15.23117
-13.95645
-12.6633
-11.33702
-10.00166
-8.63701
-7.26868
-5.88003
-4.48936
-3.08971
-1.77125
-0.6225
0.0
0.0
0.0
0.0
0.0
0.0
0.0
0.0
0.0
0.0
0.0
0.0
0.0
0.0
0.0
0.0
0.0
0.0
0.0
0.0
0.0
0.0
0.0
0.0
0.0
0.0
0.0
0.0
0.0
0.0
0.0
0.0
0.0
0.0
0.0
0.0
0.0
0.0
0.0
0.0
0.0
0.0
0.0
0.0
0.0
0.0
0.0
0.0
0.0
0.5164
0.84237
-0.76604
-2.47009
-4.49057
-5.61827
-5.20594
-4.52215
-3.56954
2.2822
10.89829
19.89937
28.99375
52.50421
77.51337
102.64308
126.22964
142.58038
159.07827
175.88552
185.44024
185.97445
186.5701
187.20842
187.38675
187.38292
187.29265
187.1891
-32.32535
-31.96399
-31.59415
-31.18003
-30.74751
-30.27112
-29.76385
-29.21567
-28.62157
-27.9921
-27.29911
-26.57886
-25.77481
-24.95415
-24.03349
-23.09992
-22.08235
-21.04491
-19.94403
-18.81593
-17.64214
-16.43659
-15.20031
-13.93051
-12.64214
-11.3213
-9.99124
-8.63258
-7.27024
-5.88796
-4.50381
-3.11106
-1.7928
-0.63464
0.0
0.0
0.0
0.0
0.0
0.0
0.0
0.0
0.0
0.0
0.0
0.0
0.0
0.0
0.0
0.0
0.0
0.0
0.0
0.0
0.0
0.0
0.0
0.0
0.0
0.0
0.0
0.0
0.0
0.0
0.0
0.0
0.0
0.0
0.0
0.0
0.0
0.0
0.0
0.0
0.0
0.0
0.0
0.0
0.0
0.0
0.0
0.0
0.0
0.5132
0.85199
-0.75643
-2.47555
-4.57069
-5.69428
-5.10459
-4.24664
-3.11667
2.08152
9.67357
17.65586
25.77126
49.48678
74.90714
100.37356
124.32467
140.94104
157.68313
174.73353
184.55851
185.2175
185.91959
186.65621
186.86977
186.86785
186.86593
186.86401
-32.2499
-31.88491
-31.51184
-31.0946
-30.65954
-30.18068
-29.67173
-29.12187
-28.52714
-27.89693
-27.20452
-26.48461
-25.68249
-24.86334
-23.94566
-23.01512
-22.00071
-20.96712
-19.87015
-18.74666
-17.57749
-16.37726
-15.14626
-13.88244
-12.59996
-11.2857
-9.96211
-8.61056
-7.25535
-5.8805
-4.50394
-3.11903
-1.80392
-0.64312
0.0
0.0
0.0
0.0
0.0
0.0
0.0
0.0
0.0
0.0
0.0
0.0
0.0
0.0
0.0
0.0
0.0
0.0
0.0
0.0
0.0
0.0
0.0
0.0
0.0
0.0
0.0
0.0
0.0
0.0
0.0
0.0
0.0
0.0
0.0
0.0
0.0
0.0
0.0
0.0
0.0
0.0
0.0
0.0
0.0
0.0
0.0
0.0
0.0
0.50999
0.8616
-0.74682
-2.42471
-4.34636
-5.31246
-4.54927
-3.52103
-2.21755
4.20069
13.7012
23.45722
33.30759
56.17072
80.55498
105.15398
128.1759
143.23084
158.35675
173.67223
182.76356
183.76955
184.91695
186.17406
186.54615
186.54424
186.54232
186.5404
-32.16705
-31.79846
-31.42218
-31.00189
-30.56434
-30.08312
-29.57258
-29.0212
-28.42596
-27.79519
-27.10354
-26.38418
-25.58422
-24.76683
-23.8524
-22.92518
-21.91426
-20.88483
-19.7921
-18.67354
-17.50931
-16.31472
-15.0893
-13.83176
-12.55546
-11.24805
-9.93117
-8.58696
-7.23909
-5.87187
-4.50306
-3.12615
-1.81454
-0.65145
0.0
0.0
0.0
0.0
0.0
0.0
0.0
0.0
0.0
0.0
0.0
0.0
0.0
0.0
0.0
0.0
0.0
0.0
0.0
0.0
0.0
0.0
0.0
0.0
0.0
0.0
0.0
0.0
0.0
0.0
0.0
0.0
0.0
0.0
0.0
0.0
0.0
0.0
0.0
0.0
0.0
0.0
0.0
0.0
0.0
0.0
0.0
0.0
0.0
0.50679
0.87121
-0.73721
-2.37594
-4.1241
-4.9327
-3.99602
-2.79748
-1.32051
6.29711
17.7061
29.23791
40.82326
62.86706
86.21314
109.94471
132.04569
145.5392
159.05098
172.63153
180.96449
182.31747
183.90814
185.68574
186.22254
186.22062
186.21871
186.21679
-32.08424
-31.71204
-31.33256
-30.90921
-30.46918
-29.98558
-29.47346
-28.92054
-28.32478
-27.69346
-27.00255
-26.28375
-25.48593
-24.6703
-23.75912
-22.8352
-21.82776
-20.80248
-19.71399
-18.60036
-17.44107
-16.25211
-15.03228
-13.78101
-12.51089
-11.21031
-9.90015
-8.56327
-7.22274
-5.86315
-4.50208
-3.13318
-1.82519
-0.65982
0.0
0.0
0.0
0.0
0.0
0.0
0.0
0.0
0.0
0.0
0.0
0.0
0.0
0.0
0.0
0.0
0.0
0.0
0.0
0.0
0.0
0.0
0.0
0.0
0.0
0.0
0.0
0.0
0.0
0.0
0.0
0.0
0.0
0.0
0.0
0.0
0.0
0.0
0.0
0.0
0.0
0.0
0.0
0.0
0.0
0.0
0.0
0.0
0.0
0.50358
0.88082
-0.7276
-2.33603
-3.94446
-4.6314
-3.55912
-2.23025
-0.62182
7.72664
20.31138
32.91217
45.51057
67.18617
90.0919
113.54277
135.31159
147.65251
160.00723
172.39747
180.17624
181.64159
183.39949
185.38863
186.0
186.0
186.0
186.0
-31.98388
-31.60754
-31.22431
-30.7974
-30.35438
-29.86797
-29.35381
-28.79898
-28.20236
-27.57018
-26.87977
-26.16135
-25.36556
-24.55164
-23.64385
-22.72341
-21.71982
-20.69908
-19.61536
-18.50724
-17.35357
-16.17096
-14.95751
-13.71332
-12.45024
-11.15736
-9.85482
-8.52614
-7.19382
-5.84268
-4.49018
-3.13
-1.82778
-0.66525
0.0
0.0
0.0
0.0
0.0
0.0
0.0
0.0
0.0
0.0
0.0
0.0
0.0
0.0
0.0
0.0
0.0
0.0
0.0
0.0
0.0
0.0
0.0
0.0
0.0
0.0
0.0
0.0
0.0
0.0
0.0
0.0
0.0
0.0
0.0
0.0
0.0
0.0
0.0
0.0
0.0
0.0
0.0
0.0
0.0
0.0
0.0
0.0
0.0
0.50038
0.89044
-0.718
-2.32643
-3.93486
-4.6378
-3.56552
-2.23984
-0.63141
6.91383
18.28411
29.79899
41.35644
64.21251
88.67657
113.68896
136.85634
149.19728
161.60059
174.16436
181.8925
182.83736
184.0716
185.54025
186.0
186.0
186.0
186.0
-31.87454
-31.49426
-31.10725
-30.67681
-30.23081
-29.74164
-29.22551
-28.66885
-28.07148
-27.43858
-26.74883
-26.03095
-25.23742
-24.42543
-23.5213
-22.60462
-21.60522
-20.58936
-19.51078
-18.40852
-17.26085
-16.08496
-14.87825
-13.64151
-12.38582
-11.10099
-9.80637
-8.4862
-7.16238
-5.81995
-4.47625
-3.12502
-1.82903
-0.67018
0.0
0.0
0.0
0.0
0.0
0.0
0.0
0.0
0.0
0.0
0.0
0.0
0.0
0.0
0.0
0.0
0.0
0.0
0.0
0.0
0.0
0.0
0.0
0.0
0.0
0.0
0.0
0.0
0.0
0.0
0.0
0.0
0.0
0.0
0.0
0.0
0.0
0.0
0.0
0.0
0.0
0.0
0.0
0.0
0.0
0.0
0.0
0.0
0.0
0.49717
0.90005
-0.70839
-2.31682
-3.92526
-4.6442
-3.57191
-2.24943
-0.641
6.11548
16.27132
26.69822
37.21471
61.22028
87.24267
113.81658
138.40108
150.74205
163.1919
175.92919
183.61494
184.03932
184.74988
185.69804
186.0
186.0
186.0
186.0
-31.76522
-31.38103
-30.99024
-30.55625
-30.10727
-29.61534
-29.09723
-28.53875
-27.9406
-27.30699
-26.61788
-25.90055
-25.10925
-24.29919
-23.39872
-22.48578
-21.49057
-20.47957
-19.40614
-18.30973
-17.16805
-15.99888
-14.79891
-13.56961
-12.32131
-11.04451
-9.75783
-8.44616
-7.13083
-5.79711
-4.46221
-3.11993
-1.83024
-0.67508
0.0
0.0
0.0
0.0
0.0
0.0
0.0
0.0
0.0
0.0
0.0
0.0
0.0
0.0
0.0
0.0
0.0
0.0
0.0
0.0
0.0
0.0
0.0
0.0
0.0
0.0
0.0
0.0
0.0
0.0
0.0
0.0
0.0
0.0
0.0
0.0
0.0
0.0
0.0
0.0
0.0
0.0
0.0
0.0
0.0
0.0
0.0
0.0
0.0
0.49397
0.91049
-0.68205
-2.27253
-3.86093
-4.57994
-3.50379
-2.19032
-0.60055
5.31969
14.16407
23.35892
32.66705
57.7997
85.42138
113.6019
139.66724
152.03009
164.53089
177.40033
185.06423
185.06615
185.33757
185.83756
186.0
186.0
186.03285
186.07532
-31.64314
-31.25464
-30.85969
-30.42179
-29.96946
-29.47443
-28.95402
-28.39343
-27.79424
-27.15969
-26.47104
-25.75411
-24.96495
-24.15679
-23.26005
-22.35097
-21.3602
-20.35435
-19.28646
-18.19632
-17.06114
-15.8992
-14.70656
-13.4853
-12.24503
-10.9769
-9.69882
-8.39629
-7.09011
-5.76571
-4.44022
-3.10742
-1.82549
-0.67771
0.0
0.0
0.0
0.0
0.0
0.0
0.0
0.0
0.0
0.0
0.0
0.0
0.0
0.0
0.0
0.0
0.0
0.0
0.0
0.0
0.0
0.0
0.0
0.0
0.0
0.0
0.0
0.0
0.0
0.0
0.0
0.0
0.0
0.0
0.0
0.0
0.0
0.0
0.0
0.0
0.0
0.0
0.0
0.0
0.0
0.0
0.0
0.0
0.0
0.49076
0.92873
-0.49033
-1.90731
-3.32222
-3.93912
-2.86296
-1.63146
-0.21518
4.4653
11.40122
18.55889
25.78507
52.15562
81.68581
111.7717
139.61611
152.15249
164.77805
177.64752
185.38784
185.38976
185.56566
185.89216
186.0
186.0
186.17196
186.38793
-31.5117
-31.11884
-30.71967
-30.27785
-29.82216
-29.32406
-28.80138
-28.23875
-27.6386
-27.00322
-26.31515
-25.59878
-24.81195
-24.00588
-23.11313
-22.20819
-21.22221
-20.22184
-19.15985
-18.07637
-16.94807
-15.79377
-14.60885
-13.39602
-12.16417
-10.90509
-9.63597
-8.34292
-7.04619
-5.73143
-4.41563
-3.09256
-1.8189
-0.67962
0.0
0.0
0.0
0.0
0.0
0.0
0.0
0.0
0.0
0.0
0.0
0.0
0.0
0.0
0.0
0.0
0.0
0.0
0.0
0.0
0.0
0.0
0.0
0.0
0.0
0.0
0.0
0.0
0.0
0.0
0.0
0.0
0.0
0.0
0.0
0.0
0.0
0.0
0.0
0.0
0.0
0.0
0.0
0.0
0.0
0.0
0.0
0.0
0.0
0.48756
0.94488
-0.30067
-1.54416
-2.78557
-3.2983
-2.22214
-1.07053
0.17226
3.63366
8.66112
13.78367
18.92789
46.48882
77.92755
109.91878
139.56292
152.27283
165.02521
177.89471
185.71145
185.71337
185.79581
185.94881
186.0
186.0
186.30901
186.69848
-31.38031
-30.9831
-30.5797
-30.13395
-29.6749
-29.17373
-28.64876
-28.0841
-27.48297
-26.84676
-26.15925
-25.44344
-24.65892
-23.85495
-22.96618
-22.06534
-21.08416
-20.08925
-19.03318
-17.95633
-16.83493
-15.68824
-14.51105
-13.30664
-12.0832
-10.83316
-9.57301
-8.28943
-7.00207
-5.69704
-4.39092
-3.07758
-1.81221
-0.68143
0.0
0.0
0.0
0.0
0.0
0.0
0.0
0.0
0.0
0.0
0.0
0.0
0.0
0.0
0.0
0.0
0.0
0.0
0.0
0.0
0.0
0.0
0.0
0.0
0.0
0.0
0.0
0.0
0.0
0.0
0.0
0.0
0.0
0.0
0.0
0.0
0.0
0.0
0.0
0.0
0.0
0.0
0.0
0.0
0.0
0.0
0.0
0.0
0.0
0.48435
0.95897
-0.1133
-1.1856
-2.2579
-2.67082
-1.60318
-0.53523
0.53514
2.89161
6.20641
9.54395
12.90422
41.49244
74.59886
108.19165
139.3383
152.1627
164.98721
177.8214
185.69899
185.72216
185.76032
185.81416
185.84408
185.86103
186.30428
186.86149
-31.24021
-30.83836
-30.43046
-29.98055
-29.51787
-29.0134
-28.48592
-27.91902
-27.31674
-26.67954
-25.99245
-25.27709
-24.49481
-23.6929
-22.80815
-21.91149
-20.93528
-19.94602
-18.89614
-17.8262
-16.71204
-15.57334
-14.40429
-13.20872
-11.99414
-10.75359
-9.50287
-8.22922
-6.95168
-5.6568
-4.36079
-3.05756
-1.80141
-0.6816
0.0
0.0
0.0
0.0
0.0
0.0
0.0
0.0
0.0
0.0
0.0
0.0
0.0
0.0
0.0
0.0
0.0
0.0
0.0
0.0
0.0
0.0
0.0
0.0
0.0
0.0
0.0
0.0
0.0
0.0
0.0
0.0
0.0
0.0
0.0
0.0
0.0
0.0
0.0
0.0
0.0
0.0
0.0
0.0
0.0
0.0
0.0
0.0
0.0
0.48114
0.96541
-0.10689
-1.17919
-2.2515
-2.72959
-1.83545
-0.86524
0.20514
3.6394
8.8627
14.10873
19.37749
46.19355
77.04456
108.20945
137.28175
149.75919
162.27929
174.94001
182.9184
183.28857
183.76307
184.3374
184.66236
184.85281
185.46638
186.1971
-31.09087
-30.68434
-30.27189
-29.8178
-29.35147
-28.84373
-28.31375
-27.74467
-27.14128
-26.50319
-25.81663
-25.10186
-24.32196
-23.5223
-22.64181
-21.74957
-20.77866
-19.79536
-18.75203
-17.68937
-16.58285
-15.45251
-14.29199
-13.10565
-11.90033
-10.66965
-9.42872
-8.16534
-6.89797
-5.61354
-4.32793
-3.03505
-1.78859
-0.68094
0.0
0.0
0.0
0.0
0.0
0.0
0.0
0.0
0.0
0.0
0.0
0.0
0.0
0.0
0.0
0.0
0.0
0.0
0.0
0.0
0.0
0.0
0.0
0.0
0.0
0.0
0.0
0.0
0.0
0.0
0.0
0.0
0.0
0.0
0.0
0.0
0.0
0.0
0.0
0.0
0.0
0.0
0.0
0.0
0.0
0.0
0.0
0.0
0.0
0.47794
0.97182
-0.10049
-1.17279
-2.24509
-2.78629
-2.06565
-1.19524
-0.12487
4.36445
11.49624
18.65077
25.82803
50.92151
79.5171
108.25614
135.22933
147.35979
159.57343
172.06069
180.1337
180.85086
181.75965
182.85448
183.47859
183.84253
184.62643
185.53065
-30.9416
-30.53038
-30.11337
-29.6551
-29.18511
-28.6741
-28.14161
-27.57035
-26.96583
-26.32685
-25.64079
-24.92662
-24.14909
-23.35167
-22.47543
-21.58759
-20.62197
-19.64462
-18.60785
-17.55246
-16.45356
-15.33158
-14.1796
-13.00247
-11.80641
-10.58558
-9.35445
-8.10134
-6.84413
-5.57015
-4.29494
-3.01242
-1.77563
-0.68013
0.0
0.0
0.0
0.0
0.0
0.0
0.0
0.0
0.0
0.0
0.0
0.0
0.0
0.0
0.0
0.0
0.0
0.0
0.0
0.0
0.0
0.0
0.0
0.0
0.0
0.0
0.0
0.0
0.0
0.0
0.0
0.0
0.0
0.0
0.0
0.0
0.0
0.0
0.0
0.0
0.0
0.0
0.0
0.0
0.0
0.0
0.0
0.0
0.0
0.47473
0.97823
-0.09408
-1.16639
-2.23869
-2.84092
-2.29378
-1.52525
-0.45487
5.06674
14.10704
23.17008
32.25585
55.67632
82.01648
108.33172
133.18103
144.96592
156.884
169.19418
177.34137
178.39182
179.70769
181.28341
182.1888
182.71986
183.66254
184.72684
-30.78689
-30.37081
-29.94908
-29.48647
-29.01267
-28.49823
-27.96309
-27.38953
-26.78376
-26.14379
-25.45814
-24.74449
-23.96927
-23.17407
-22.30208
-21.41869
-20.45847
-19.48719
-18.45714
-17.40919
-16.31816
-15.20477
-14.06159
-12.89395
-11.70744
-10.49676
-9.27573
-8.03318
-6.78644
-5.52318
-4.25865
-2.98672
-1.76011
-0.67823
0.0
0.0
0.0
0.0
0.0
0.0
0.0
0.0
0.0
0.0
0.0
0.0
0.0
0.0
0.0
0.0
0.0
0.0
0.0
0.0
0.0
0.0
0.0
0.0
0.0
0.0
0.0
0.0
0.0
0.0
0.0
0.0
0.0
0.0
0.0
0.0
0.0
0.0
0.0
0.0
0.0
0.0
0.0
0.0
0.0
0.0
0.0
0.0
0.0
0.47153
0.98464
-0.08767
-1.15998
-2.23229
-2.89348
-2.51983
-1.92364
-1.01798
4.24782
13.02474
21.91281
30.8506
55.03176
82.49301
109.96871
135.85148
146.10116
156.45457
167.20328
174.35954
175.23649
176.28933
177.51806
178.52175
179.39982
180.5532
181.79099
-30.62383
-30.20286
-29.77637
-29.30942
-28.8318
-28.31398
-27.77619
-27.20039
-26.59342
-25.95255
-25.2674
-24.55438
-23.78161
-22.98878
-22.12126
-21.24251
-20.288
-19.32305
-18.30006
-17.25988
-16.17706
-15.07261
-13.93859
-12.78079
-11.60419
-10.40399
-9.19341
-7.96173
-6.72576
-5.47351
-4.21993
-2.95882
-1.74276
-0.67554
0.0
0.0
0.0
0.0
0.0
0.0
0.0
0.0
0.0
0.0
0.0
0.0
0.0
0.0
0.0
0.0
0.0
0.0
0.0
0.0
0.0
0.0
0.0
0.0
0.0
0.0
0.0
0.0
0.0
0.0
0.0
0.0
0.0
0.0
0.0
0.0
0.0
0.0
0.0
0.0
0.0
0.0
0.0
0.0
0.0
0.0
0.0
0.0
0.0
0.46832
0.99104
-0.08127
-1.15358
-2.22589
-2.94397
-2.74382
-2.32433
-1.59216
3.35814
11.78808
20.44662
29.21093
54.24325
82.91905
111.60931
138.56676
147.25495
156.0437
165.23093
171.37976
172.08321
172.87509
173.75682
174.85059
176.07566
177.4418
178.8531
-30.46084
-30.03497
-29.60372
-29.13244
-28.65098
-28.12976
-27.58932
-27.01127
-26.40309
-25.76131
-25.07664
-24.36426
-23.59391
-22.80347
-21.94038
-21.06626
-20.11745
-19.15882
-18.1429
-17.11047
-16.03587
-14.94033
-13.81547
-12.66752
-11.50081
-10.3111
-9.11096
-7.89016
-6.66496
-5.42371
-4.18107
-2.93078
-1.72524
-0.67266
0.0
0.0
0.0
0.0
0.0
0.0
0.0
0.0
0.0
0.0
0.0
0.0
0.0
0.0
0.0
0.0
0.0
0.0
0.0
0.0
0.0
0.0
0.0
0.0
0.0
0.0
0.0
0.0
0.0
0.0
0.0
0.0
0.0
0.0
0.0
0.0
0.0
0.0
0.0
0.0
0.0
0.0
0.0
0.0
0.0
0.0
0.0
0.0
0.0
0.46512
0.99745
-0.07486
-1.14717
-2.21949
-2.99239
-2.96574
-2.72294
-2.16427
2.47259
10.55556
18.9825
27.57333
53.44028
83.33065
113.23547
141.3006
148.42731
155.65139
163.27713
168.40205
168.932
169.46496
169.9997
171.17532
172.74739
174.32834
175.91314
-30.29493
-29.86409
-29.42798
-28.95228
-28.46691
-27.94222
-27.39906
-26.8187
-26.20923
-25.5665
-24.88225
-24.17047
-23.4025
-22.61442
-21.75578
-20.88629
-19.94325
-18.991
-17.98224
-16.95767
-15.89141
-14.80494
-13.6894
-12.55143
-11.39481
-10.21575
-9.02623
-7.81646
-6.60222
-5.37212
-4.14059
-2.90125
-1.70642
-0.66917
0.0
0.0
0.0
0.0
0.0
0.0
0.0
0.0
0.0
0.0
0.0
0.0
0.0
0.0
0.0
0.0
0.0
0.0
0.0
0.0
0.0
0.0
0.0
0.0
0.0
0.0
0.0
0.0
0.0
0.0
0.0
0.0
0.0
0.0
0.0
0.0
0.0
0.0
0.0
0.0
0.0
0.0
0.0
0.0
0.0
0.0
0.0
0.0
0.0
0.46191
0.99807
0.07346
-0.85435
-1.7801
-2.2247
-1.33974
-0.22735
1.21859
7.5819
18.22278
29.15664
40.25045
63.82285
90.35766
116.84497
141.77096
148.11087
154.55528
161.41486
166.02708
166.38738
166.74562
167.10181
167.91223
169.00301
170.21299
171.46046
-30.12231
-29.68649
-29.24555
-28.76546
-28.27619
-27.7481
-27.20224
-26.61963
-26.00894
-25.36535
-24.68158
-23.97052
-23.20503
-22.41945
-21.5654
-20.70072
-19.76369
-18.81805
-17.81672
-16.80026
-15.74264
-14.6655
-13.55958
-12.43189
-11.28563
-10.1175
-8.93887
-7.7404
-6.53736
-5.31864
-4.09842
-2.87021
-1.68632
-0.66506
0.0
0.0
0.0
0.0
0.0
0.0
0.0
0.0
0.0
0.0
0.0
0.0
0.0
0.0
0.0
0.0
0.0
0.0
0.0
0.0
0.0
0.0
0.0
0.0
0.0
0.0
0.0
0.0
0.0
0.0
0.0
0.0
0.0
0.0
0.0
0.0
0.0
0.0
0.0
0.0
0.0
0.0
0.0
0.0
0.0
0.0
0.0
0.0
0.0
0.45871
0.99486
0.25087
-0.50345
-1.2557
-1.31182
0.61414
2.76434
5.25129
13.6125
27.20292
40.96868
54.83853
75.68359
98.22793
120.72477
142.00865
147.65457
153.4018
159.56739
163.70072
163.88751
164.07225
164.25494
164.67613
165.2464
166.06397
166.96443
-29.94976
-29.50896
-29.06316
-28.5787
-28.08552
-27.55401
-27.00545
-26.4206
-25.80866
-25.1642
-24.48091
-23.77056
-23.00753
-22.22445
-21.37498
-20.51465
-19.58406
-18.645
-17.65111
-16.64275
-15.59377
-14.52595
-13.42964
-12.31222
-11.17633
-10.01912
-8.85139
-7.66421
-6.47236
-5.26501
-4.05611
-2.83903
-1.66602
-0.66075
0.0
0.0
0.0
0.0
0.0
0.0
0.0
0.0
0.0
0.0
0.0
0.0
0.0
0.0
0.0
0.0
0.0
0.0
0.0
0.0
0.0
0.0
0.0
0.0
0.0
0.0
0.0
0.0
0.0
0.0
0.0
0.0
0.0
0.0
0.0
0.0
0.0
0.0
0.0
0.0
0.0
0.0
0.0
0.0
0.0
0.0
0.0
0.0
0.0
0.4555
0.99166
0.42619
-0.15462
-0.73337
-0.41138
2.5556
5.74361
9.27158
19.60794
36.14791
52.74765
69.39355
87.59183
106.14569
124.65204
142.25459
147.20652
152.25657
157.72816
161.37641
161.3897
161.40094
161.41012
161.4462
161.49597
161.91905
162.47252
-29.77606
-29.33026
-28.87958
-28.39072
-27.8936
-27.35866
-26.80737
-26.22027
-25.60706
-24.96172
-24.27888
-23.56924
-22.80865
-22.02806
-21.18316
-20.32721
-19.40308
-18.47063
-17.48423
-16.48401
-15.44374
-14.38531
-13.2987
-12.19161
-11.06617
-9.91996
-8.76322
-7.58741
-6.40684
-5.21093
-4.01343
-2.80753
-1.6454
-0.6562
0.0
0.0
0.0
0.0
0.0
0.0
0.0
0.0
0.0
0.0
0.0
0.0
0.0
0.0
0.0
0.0
0.0
0.0
0.0
0.0
0.0
0.0
0.0
0.0
0.0
0.0
0.0
0.0
0.0
0.0
0.0
0.0
0.0
0.0
0.0
0.0
0.0
0.0
0.0
0.0
0.0
0.0
0.0
0.0
0.0
0.0
0.0
0.5215
1.268
2.47925
3.78681
2.941
2.0415
1.13579
1.22003
4.31739
7.6181
11.24747
23.27651
43.15359
63.07201
83.03175
99.42757
114.82526
130.18784
144.85577
148.70392
152.61324
156.82411
159.64411
159.63451
159.55675
159.39819
159.23757
159.07491
159.19172
159.40776
-29.59802
-29.1473
-28.69181
-28.19863
-27.69765
-27.15938
-26.60542
-26.01615
-25.40175
-24.75562
-24.07331
-23.36447
-22.6064
-21.82841
-20.98819
-20.13675
-19.21923
-18.29354
-17.31482
-16.32291
-15.29154
-14.24268
-13.16597
-12.0694
-10.95461
-9.81958
-8.67399
-7.5097
-6.34057
-5.15623
-3.97024
-2.77561
-1.6244
-0.65138
0.0
0.0
0.0
0.0
0.0
0.0
0.0
0.0
0.0
0.0
0.0
0.0
0.0
0.0
0.0
0.0
0.0
0.0
0.0
0.0
0.0
0.0
0.0
0.0
0.0
0.0
0.0
0.0
0.0
0.0
0.0
0.0
0.0
0.0
0.0
0.0
0.0
0.0
0.0
0.0
0.0
0.0
0.0
0.0
0.0
0.0
0.0
1.24865
3.03617
5.28522
7.63379
6.32361
4.90361
3.47738
3.10124
6.0251
9.14912
12.60499
26.22965
49.57682
72.96532
96.39514
111.26898
123.71718
136.13025
148.00636
150.64001
153.30012
156.12299
158.02605
158.01645
157.86039
157.52833
157.19421
156.85804
156.67309
156.54213
-29.42006
-28.96439
-28.50409
-28.0066
-27.50175
-26.96013
-26.4035
-25.81207
-25.19645
-24.54954
-23.86773
-23.15969
-22.40411
-21.62873
-20.79317
-19.94624
-19.0353
-18.11635
-17.14531
-16.1617
-15.13924
-14.09994
-13.03311
-11.94706
-10.84292
-9.71905
-8.58462
-7.43185
-6.27415
-5.10139
-3.92691
-2.74356
-1.6032
-0.64636
0.0
0.0
0.0
0.0
0.0
0.0
0.0
0.0
0.0
0.0
0.0
0.0
0.0
0.0
0.0
0.0
0.0
0.0
0.0
0.0
0.0
0.0
0.0
0.0
0.0
0.0
0.0
0.0
0.0
0.0
0.0
0.0
0.0
0.0
0.0
0.0
0.0
0.0
0.0
0.0
0.0
0.0
0.0
0.0
0.0
0.0
0.0
1.96334
4.79188
8.07875
11.46834
9.71244
7.77192
5.82519
4.98452
7.73489
10.6822
13.96459
29.14143
55.95869
82.8173
109.71722
123.14551
132.64419
142.10775
151.1714
152.59053
154.0035
155.43835
156.408
156.39839
156.16609
155.66053
155.15291
154.64324
154.15857
153.68061
-29.24197
-28.78138
-28.31627
-27.81449
-27.30577
-26.76083
-26.20153
-25.60796
-24.99114
-24.34347
-23.66217
-22.95495
-22.20187
-21.42911
-20.5982
-19.75581
-18.85146
-17.93926
-16.97593
-16.00064
-14.98712
-13.95739
-12.9005
-11.82498
-10.73152
-9.61884
-8.4956
-7.35437
-6.20814
-5.04696
-3.88402
-2.71195
-1.58233
-0.64137
0.0
0.0
0.0
0.0
0.0
0.0
0.0
0.0
0.0
0.0
0.0
0.0
0.0
0.0
0.0
0.0
0.0
0.0
0.0
0.0
0.0
0.0
0.0
0.0
0.0
0.0
0.0
0.0
0.0
0.0
0.0
0.0
0.0
0.0
0.0
0.0
0.0
0.0
0.0
0.0
0.0
0.0
0.0
0.0
0.0
0.0
0.0
2.73949
6.71781
11.15333
15.69686
15.65753
15.46414
15.30597
16.11025
20.03916
24.18456
28.69096
43.71741
69.21002
94.65918
120.06491
131.03767
137.67652
144.39507
150.86601
151.80202
152.75826
153.81906
154.54793
154.5364
154.34517
153.93079
153.51847
153.10822
152.60293
152.0591
-29.06265
-28.5973
-28.12754
-27.62163
-27.10919
-26.56108
-25.99924
-25.40366
-24.78573
-24.13742
-23.4567
-22.7504
-21.99986
-21.22979
-20.40359
-19.5658
-18.6681
-17.76272
-16.80717
-15.84027
-14.83575
-13.81567
-12.76877
-11.70385
-10.62111
-9.51967
-8.40766
-7.278
-6.14324
-4.99365
-3.84226
-2.68144
-1.56239
-0.63663
0.0
0.0
0.0
0.0
0.0
0.0
0.0
0.0
0.0
0.0
0.0
0.0
0.0
0.0
0.0
0.0
0.0
0.0
0.0
0.0
0.0
0.0
0.0
0.0
0.0
0.0
0.0
0.0
0.0
0.0
0.0
0.0
0.0
0.0
0.0
0.0
0.0
0.0
0.0
0.0
0.0
0.0
0.0
0.0
0.0
0.0
0.0
3.54744
8.74029
14.38713
20.14519
23.00524
25.76141
28.55279
32.01009
37.67403
43.55128
49.79271
63.77101
85.62011
107.42575
129.18797
137.29124
141.15405
145.25179
149.23646
149.99897
150.81022
151.87102
152.60626
152.59473
152.48198
152.24111
152.00229
151.76554
151.31166
150.76783
-28.8834
-28.41329
-27.93887
-27.42882
-26.91265
-26.36137
-25.79698
-25.19939
-24.58034
-23.93137
-23.25123
-22.54583
-21.79782
-21.03044
-20.20892
-19.37574
-18.48467
-17.58608
-16.63832
-15.67978
-14.68428
-13.67383
-12.63692
-11.58258
-10.51058
-9.42036
-8.31958
-7.20148
-6.07821
-4.94021
-3.80036
-2.6508
-1.54225
-0.6317
0.0
0.0
0.0
0.0
0.0
0.0
0.0
0.0
0.0
0.0
0.0
0.0
0.0
0.0
0.0
0.0
0.0
0.0
0.0
0.0
0.0
0.0
0.0
0.0
0.0
0.0
0.0
0.0
0.0
0.0
0.0
0.0
0.0
0.0
0.0
0.0
0.0
0.0
0.0
0.0
0.0
0.0
0.0
0.0
0.0
0.0
0.0
4.34085
10.74824
17.60641
24.579
30.31771
36.02344
41.76439
47.88921
55.2882
62.89729
70.87378
83.86804
102.07361
120.23573
138.35442
143.57786
144.66462
146.13947
147.60898
148.19798
148.86218
149.92298
150.66459
150.65306
150.61674
150.54937
150.48405
150.42081
150.02039
149.47656
-28.70432
-28.22945
-27.7504
-27.23626
-26.71638
-26.16197
-25.59506
-24.9955
-24.37536
-23.72578
-23.04623
-22.34179
-21.59633
-20.83168
-20.01486
-19.18633
-18.3019
-17.41012
-16.47018
-15.52002
-14.53356
-13.53274
-12.50585
-11.4621
-10.40084
-9.32186
-8.23231
-7.12577
-6.01398
-4.88757
-3.75926
-2.62095
-1.52277
-0.62695
0.0
0.0
0.0
0.0
0.0
0.0
0.0
0.0
0.0
0.0
0.0
0.0
0.0
0.0
0.0
0.0
0.0
0.0
0.0
0.0
0.0
0.0
0.0
0.0
0.0
0.0
0.0
0.0
0.0
0.0
0.0
0.0
0.0
0.0
0.0
0.0
0.0
0.0
0.0
0.0
0.0
0.0
0.0
0.59745
2.10489
3.64766
5.22573
9.68435
15.50996
21.59069
27.70785
36.43981
45.37226
54.34614
63.06544
70.69737
78.50515
86.65249
97.87504
112.37535
126.83224
141.24571
144.88411
144.98127
145.55607
146.19353
146.83305
147.54115
148.60772
149.36146
149.35569
149.30037
149.17696
149.11789
149.11022
148.89669
148.59693
-28.52785
-28.04852
-27.56511
-27.04712
-26.52377
-25.96645
-25.39721
-24.79587
-24.17478
-23.52474
-22.84587
-22.14248
-21.39958
-20.6377
-19.82556
-19.00168
-18.12384
-17.23883
-16.30665
-15.3648
-14.3873
-13.39603
-12.37905
-11.34578
-10.29516
-9.22727
-8.14883
-7.05372
-5.95327
-4.8383
-3.72137
-2.59415
-1.50589
-0.62316
0.0
0.0
0.0
0.0
0.0
0.0
0.0
0.0
0.0
0.0
0.0
0.0
0.0
0.0
0.0
0.0
0.0
0.0
0.0
0.0
0.0
0.0
0.0
0.0
0.0
0.0
0.0
0.0
0.0
0.0
0.0
0.0
0.0
0.0
0.0
0.0
0.0
0.0
0.0
0.0
0.0
0.0
0.0
1.7595
6.21652
10.70886
15.2365
19.14848
22.71856
26.26344
29.77805
41.57873
53.98127
66.42526
77.7274
84.49182
91.4289
98.70874
107.70337
118.56013
129.37345
140.14336
143.07127
143.34193
144.08704
144.89801
145.71104
146.56394
147.63051
148.39062
148.38486
148.25722
147.96031
147.82344
147.81577
147.84362
147.89088
-28.35145
-27.86765
-27.37967
-26.85803
-26.3312
-25.77097
-25.19939
-24.59626
-23.97421
-23.3237
-22.6455
-21.94314
-21.2028
-20.44369
-19.63621
-18.81697
-17.9457
-17.06744
-16.14302
-15.20946
-14.24093
-13.25919
-12.25214
-11.22933
-10.18934
-9.13256
-8.06523
-6.98153
-5.89242
-4.78888
-3.68335
-2.56721
-1.48886
-0.61921
0.0
0.0
0.0
0.0
0.0
0.0
0.0
0.0
0.0
0.0
0.0
0.0
0.0
0.0
0.0
0.0
0.0
0.0
0.0
0.0
0.0
0.0
0.0
0.0
0.0
0.0
0.0
0.0
0.0
0.0
0.0
0.0
0.0
0.0
0.0
0.0
0.0
0.0
0.0
0.0
0.0
0.0
0.0
2.88621
10.2928
17.73473
25.21196
28.63961
29.95413
30.96731
31.87936
46.67617
62.54883
78.46293
92.39971
98.29662
104.36299
110.77532
117.57514
124.78832
131.95807
139.08441
141.25636
141.70052
142.61595
143.60043
144.58696
145.58674
146.65331
147.41979
147.41402
147.21614
146.74572
146.529
146.52132
146.78645
147.18071
-28.17512
-27.68683
-27.19427
-26.66899
-26.13867
-25.57553
-25.00159
-24.39667
-23.77365
-23.12267
-22.44518
-21.74393
-21.00619
-20.2499
-19.44712
-18.63259
-17.76793
-16.89645
-15.97986
-15.05463
-14.0951
-13.12293
-12.12583
-11.11352
-10.0842
-9.03853
-7.98232
-6.91006
-5.8323
-4.7402
-3.64607
-2.541
-1.47247
-0.61544
0.0
0.0
0.0
0.0
0.0
0.0
0.0
0.0
0.0
0.0
0.0
0.0
0.0
0.0
0.0
0.0
0.0
0.0
0.0
0.0
0.0
0.0
0.0
0.0
0.0
0.0
0.0
0.0
0.0
0.0
0.0
0.0
0.0
0.0
0.0
0.0
0.0
0.0
0.0
0.0
0.0
0.0
0.0
3.50911
12.62401
21.77721
30.96735
34.83554
35.92179
36.67509
37.36291
53.16574
70.18048
87.17655
101.75511
106.38194
111.16677
116.2925
121.1911
125.83208
130.50998
135.20875
137.28819
138.43531
140.0629
141.77242
142.8313
143.89018
144.94906
145.71422
145.70078
145.55034
145.20472
145.15477
145.35356
145.84933
146.48613
-28.00525
-27.51293
-27.01625
-26.48776
-25.95437
-25.38872
-24.8128
-24.20645
-23.58276
-22.93161
-22.25493
-21.55487
-20.81973
-20.06627
-19.26809
-18.45819
-17.59998
-16.73511
-15.82613
-14.909
-13.95823
-12.99534
-12.00791
-11.00578
-9.98681
-8.95192
-7.90651
-6.84533
-5.77859
-4.69759
-3.61452
-2.52021
-1.46078
-0.61356
0.0
0.0
0.0
0.0
0.0
0.0
0.0
0.0
0.0
0.0
0.0
0.0
0.0
0.0
0.0
0.0
0.0
0.0
0.0
0.0
0.0
0.0
0.0
0.0
0.0
0.0
0.0
0.0
0.0
0.0
0.0
0.0
0.0
0.0
0.0
0.0
0.0
0.0
0.0
0.0
0.0
0.0
0.0
3.45449
12.56942
21.81136
31.17503
36.72896
40.24428
43.56539
46.8558
61.33802
76.79124
92.2258
105.31645
108.38175
111.60184
115.16604
118.58531
121.83826
125.23055
128.71479
131.36989
133.73155
136.57049
139.49724
140.55964
141.61853
142.67741
143.44894
143.4355
143.42686
143.42825
143.72214
144.26794
144.99143
145.80174
-27.83582
-27.33944
-26.83862
-26.30686
-25.77036
-25.20215
-24.62419
-24.01636
-23.39194
-22.74054
-22.06467
-21.3658
-20.63324
-19.8826
-19.08901
-18.28373
-17.43194
-16.57368
-15.67231
-14.76326
-13.82124
-12.86764
-11.88987
-10.89792
-9.88929
-8.86518
-7.83057
-6.78048
-5.72475
-4.65485
-3.58285
-2.49929
-1.44898
-0.61155
0.0
0.0
0.0
0.0
0.0
0.0
0.0
0.0
0.0
0.0
0.0
0.0
0.0
0.0
0.0
0.0
0.0
0.0
0.0
0.0
0.0
0.0
0.0
0.0
0.0
0.0
0.0
0.0
0.0
0.0
0.0
0.0
0.0
0.0
0.0
0.0
0.0
0.0
0.0
0.0
0.0
0.0
0.0
3.39988
12.51482
21.84344
31.38063
38.59331
44.53772
50.42457
56.31757
69.52895
83.42066
97.2937
108.89644
110.40019
112.05554
114.0582
115.99607
117.86098
119.96558
122.23529
125.43713
129.01334
133.06363
137.20493
138.28799
139.34687
140.40576
141.18366
141.17021
141.29927
141.64767
142.28539
143.1782
144.13147
145.11529
-27.66644
-27.166
-26.66103
-26.12601
-25.58638
-25.01562
-24.43561
-23.82629
-23.20111
-22.54949
-21.87439
-21.17671
-20.44672
-19.6989
-18.90987
-18.10922
-17.26384
-16.41215
-15.51839
-14.61741
-13.68415
-12.73981
-11.77171
-10.78992
-9.79167
-8.7784
-7.75465
-6.71571
-5.67104
-4.61229
-3.55132
-2.47862
-1.43744
-0.60961
0.0
0.0
0.0
0.0
0.0
0.0
0.0
0.0
0.0
0.0
0.0
0.0
0.0
0.0
0.0
0.0
0.0
0.0
0.0
0.0
0.0
0.0
0.0
0.0
0.0
0.0
0.0
0.0
0.0
0.0
0.0
0.0
0.0
0.0
0.0
0.0
0.0
0.0
0.0
0.03018
0.3477
0.69021
1.08785
4.47575
12.98494
21.7404
30.74004
38.69539
46.06082
53.4221
60.77924
73.69304
87.20103
100.79339
111.88553
111.20285
110.60669
110.24411
110.86163
112.752
114.93616
117.33715
121.03121
125.22973
129.81648
134.46745
135.80606
137.10459
138.40931
139.42437
139.58497
139.95935
140.66436
141.56403
142.63637
143.70872
144.78107
-27.50645
-27.0025
-26.49393
-25.95616
-25.41391
-24.84108
-24.25947
-23.64909
-23.02354
-22.37202
-21.69799
-21.00175
-20.27447
-19.52962
-18.74517
-17.94916
-17.11009
-16.26487
-15.37853
-14.48541
-13.56063
-12.62525
-11.66648
-10.69449
-9.70616
-8.70317
-7.68971
-6.66133
-5.62717
-4.579
-3.52852
-2.46615
-1.43314
-0.61067
0.0
0.0
0.0
0.0
0.0
0.0
0.0
0.0
0.0
0.0
0.0
0.0
0.0
0.0
0.0
0.0
0.0
0.0
0.0
0.0
0.0
0.0
0.0
0.0
0.0
0.0
0.0
0.0
0.0
0.0
0.0
0.0
0.0
0.0
0.0
0.0
0.0
0.0
0.0
0.1232
1.48176
2.90421
4.51639
7.94272
14.54336
21.38706
28.47815
35.51976
42.53819
49.55248
56.56262
70.96832
86.2172
101.71816
113.94549
110.13969
106.312
102.47929
102.05902
106.03147
110.19511
114.50467
118.61758
122.6426
126.90646
131.21042
133.07242
134.89147
136.71671
138.21575
138.72336
139.44158
140.49361
141.55767
142.63002
143.70237
144.77472
-27.34809
-26.84063
-26.32848
-25.78794
-25.24305
-24.66811
-24.08485
-23.47336
-22.84737
-22.1959
-21.52284
-20.82796
-20.10329
-19.36131
-18.58133
-17.78986
-16.95697
-16.11811
-15.23909
-14.35371
-13.43732
-12.5108
-11.56127
-10.59898
-9.62053
-8.62781
-7.62465
-6.60684
-5.58316
-4.54558
-3.50559
-2.45355
-1.42877
-0.61166
0.0
0.0
0.0
0.0
0.0
0.0
0.0
0.0
0.0
0.0
0.0
0.0
0.0
0.0
0.0
0.0
0.0
0.0
0.0
0.0
0.0
0.0
0.0
0.0
0.0
0.0
0.0
0.0
0.0
0.0
0.0
0.0
0.0
0.0
0.0
0.0
0.0
0.0
0.0
0.20373
2.60333
5.10365
7.93037
11.43257
16.12465
21.05657
26.23911
32.34828
39.01971
45.687
52.35014
68.22285
85.21057
102.62014
116.04273
109.1138
102.05871
94.75585
93.23159
99.28612
105.43132
111.64946
116.20602
120.05754
124.00056
127.95752
130.33259
132.67217
135.01794
137.00301
137.85764
138.91969
140.31873
141.55131
142.62366
143.69602
144.76837
-27.18978
-26.6788
-26.16307
-25.61975
-25.0722
-24.49517
-23.91025
-23.29765
-22.67121
-22.01977
-21.34767
-20.65416
-19.93208
-19.19297
-18.41744
-17.63051
-16.80378
-15.97125
-15.09956
-14.22191
-13.31391
-12.39624
-11.45595
-10.50335
-9.53478
-8.55232
-7.55946
-6.55221
-5.53903
-4.51204
-3.48253
-2.44083
-1.42434
-0.61258
0.0
0.0
0.0
0.0
0.0
0.0
0.0
0.0
0.0
0.0
0.0
0.0
0.0
0.0
0.0
0.0
0.0
0.0
0.0
0.0
0.0
0.0
0.0
0.0
0.0
0.0
0.0
0.0
0.0
0.0
0.0
0.0
0.0
0.0
0.0
0.0
0.02672
0.06162
0.13175
0.44537
3.51921
6.69132
10.24519
13.68593
16.93307
20.44178
24.22926
29.48547
35.63503
41.80722
47.98024
64.02244
81.27548
99.01259
112.67933
104.99652
97.23214
89.18839
87.72265
94.95404
102.20774
109.47799
114.32788
118.13709
121.94836
125.76171
128.53866
131.28377
134.03095
136.39689
137.53966
138.85874
140.47112
141.81101
142.88721
143.9634
145.03959
-27.04302
-26.52914
-26.01044
-25.46494
-24.91532
-24.33673
-23.75068
-23.13743
-22.51097
-21.85997
-21.18914
-20.49727
-19.77798
-19.04188
-18.27082
-17.48844
-16.66775
-15.8414
-14.97679
-14.10659
-13.20663
-12.29742
-11.36593
-10.42256
-9.46335
-8.49063
-7.50751
-6.51026
-5.50701
-4.49003
-3.47042
-2.43851
-1.4293
-0.61756
0.0
0.0
0.0
0.0
0.0
0.0
0.0
0.0
0.0
0.0
0.0
0.0
0.0
0.0
0.0
0.0
0.0
0.0
0.0
0.0
0.0
0.0
0.0
0.0
0.0
0.0
0.0
0.0
0.0
0.0
0.0
0.0
0.0
0.0
0.0
0.0
0.16589
0.3743
0.78051
1.34701
3.72682
6.16581
8.85216
11.78426
15.20492
18.88394
22.84493
27.51601
32.62453
37.88518
43.19068
56.15436
70.10758
84.54809
96.34194
93.69084
91.01095
88.17241
89.25457
95.61844
102.10102
108.67726
113.45451
117.43724
121.42203
125.40889
128.36573
131.28435
134.20504
136.75405
138.07033
139.49642
141.1088
142.45188
143.52808
144.60427
145.68046
-26.89984
-26.38312
-25.86152
-25.31384
-24.76218
-24.18203
-23.59482
-22.98091
-22.35437
-21.70374
-21.0341
-20.34378
-19.62714
-18.89394
-18.12719
-17.34921
-16.53437
-15.71404
-14.85633
-13.9934
-13.1013
-12.20038
-11.27753
-10.3432
-9.39321
-8.43007
-7.45655
-6.46915
-5.47569
-4.46861
-3.4588
-2.43657
-1.43466
-0.62268
0.0
0.0
0.0
0.0
0.0
0.0
0.0
0.0
0.0
0.0
0.0
0.0
0.0
0.0
0.0
0.0
0.0
0.0
0.0
0.0
0.0
0.0
0.0
0.0
0.0
0.0
0.0
0.0
0.0
0.0
0.0
0.0
0.0
0.0
0.0
0.0
0.30298
0.6849
1.42511
2.25698
3.94276
5.65072
7.46953
9.88052
13.47469
17.32401
21.45852
25.559
29.62649
33.97352
38.41148
48.32567
58.97907
70.12296
79.94449
82.32511
84.72767
87.09436
90.79683
96.29318
102.00257
107.88479
112.57908
116.73532
120.89363
125.05401
128.19073
131.28287
134.37708
137.10915
138.59894
140.1341
141.74648
143.09274
144.16894
145.24514
146.32133
-26.75669
-26.23713
-25.71263
-25.16278
-24.60905
-24.02735
-23.43897
-22.8244
-22.19777
-21.54751
-20.87904
-20.19028
-19.47626
-18.74597
-17.9835
-17.20993
-16.40093
-15.58659
-14.73579
-13.88011
-12.99588
-12.10323
-11.18902
-10.26374
-9.32296
-8.36939
-7.40547
-6.42793
-5.44426
-4.44707
-3.44705
-2.43452
-1.44002
-0.6278
0.0
0.0
0.0
0.0
0.0
0.0
0.0
0.0
0.0
0.0
0.0
0.0
0.0
0.0
0.0
0.0
0.0
0.0
0.0
0.0
0.0
0.0
0.0
0.0
0.0
0.0
0.0
0.0
0.0
0.0
0.0
0.0
0.00688
0.02168
0.0486
0.08458
0.50772
1.03049
2.02975
3.06306
4.0922
5.11719
6.13801
8.02587
11.66719
15.53761
19.67022
23.30389
26.61774
30.31175
34.14569
41.72148
49.86026
58.50346
66.88438
73.65196
80.43817
87.24301
93.2241
97.99916
103.03958
108.29865
112.82162
116.99592
121.16401
125.32591
128.50836
131.64023
134.81438
137.63183
139.1933
140.77178
142.38416
143.73361
144.80981
145.88601
146.9622
-26.6239
-26.10209
-25.57528
-25.02382
-24.46859
-23.88586
-23.29681
-22.68204
-22.05575
-21.40624
-20.73927
-20.05233
-19.34114
-18.6139
-17.85577
-17.08661
-16.28336
-15.4749
-14.63079
-13.78213
-12.90547
-12.02075
-11.11478
-10.19812
-9.26611
-8.32163
-7.36681
-6.39861
-5.4242
-4.43638
-3.44561
-2.44225
-1.45438
-0.63689
0.0
0.0
0.0
0.0
0.0
0.0
0.0
0.0
0.0
0.0
0.0
0.0
0.0
0.0
0.0
0.0
0.0
0.0
0.0
0.0
0.0
0.0
0.0
0.0
0.0
0.0
0.0
0.0
0.0
0.0
0.0
0.0
0.09622
0.28452
0.59768
0.98068
1.3392
1.68845
2.35144
3.03773
3.71987
4.39783
5.07164
6.48392
9.43121
12.52473
15.78981
19.48996
23.49784
27.75622
32.11069
40.18139
48.83778
57.82796
66.73098
75.06015
83.40796
91.77439
98.55675
102.9848
107.58162
112.32018
116.32902
119.9828
123.63037
127.27175
130.10368
132.90205
135.9027
138.55619
139.94416
141.40946
143.02185
144.37447
145.45068
146.52688
147.60308
-26.49612
-25.97218
-25.4432
-24.89023
-24.33358
-23.74987
-23.16021
-22.54525
-21.91928
-21.27049
-20.60495
-19.91977
-19.21129
-18.48699
-17.73301
-16.96812
-16.17041
-15.36762
-14.52999
-13.68813
-12.8188
-11.94178
-11.04383
-10.13556
-9.21209
-8.27647
-7.33053
-6.37146
-5.40612
-4.42747
-3.44578
-2.45143
-1.47014
-0.64661
0.0
0.0
0.0
0.0
0.0
0.0
0.0
0.0
0.0
0.0
0.0
0.0
0.0
0.0
0.0
0.0
0.0
0.0
0.0
0.0
0.0
0.0
0.0
0.0
0.0
0.0
0.0
0.0
0.0
0.0
0.0
0.0
0.18346
0.54527
1.1426
1.87262
2.17275
2.3485
2.6773
3.01657
3.35169
3.68264
4.00944
4.95028
7.20354
9.52224
11.91979
15.66772
20.36965
25.19446
30.06948
38.63508
47.81201
57.14833
66.55894
76.44971
86.35912
96.28714
103.89353
107.97458
112.12987
116.34791
119.84261
122.97587
126.10293
129.22379
131.70312
134.16593
136.99307
139.48262
140.69708
142.04714
143.65953
145.01534
146.09154
147.16775
148.24395
-26.36836
-25.84231
-25.31115
-24.75666
-24.19858
-23.6139
-23.0236
-22.40846
-21.7828
-21.13474
-20.47061
-19.78719
-19.0814
-18.36004
-17.61021
-16.84958
-16.05739
-15.26007
-14.42911
-13.59404
-12.73204
-11.86271
-10.97279
-10.0729
-9.15796
-8.23121
-7.29415
-6.34421
-5.38793
-4.41846
-3.44584
-2.4605
-1.48598
-0.6564
0.0
0.0
0.0
0.0
0.0
0.0
0.0
0.0
0.0
0.0
0.0
0.0
0.0
0.0
0.0
0.0
0.0
0.0
0.0
0.0
0.0
0.0
0.0
0.0
0.0
0.0
0.0
0.0
0.0
0.0
0.0
0.0
0.26862
0.80394
1.68334
2.75711
3.0
3.0
2.99653
2.99093
2.98899
2.98704
2.9851
3.48112
5.06695
6.6536
8.24373
11.99696
17.29176
22.57825
27.85646
37.05121
46.94887
56.89472
67.02684
78.27634
89.52749
100.7925
109.07761
112.75382
116.43581
120.12369
123.1327
125.79667
128.48312
131.17559
133.33732
135.49276
138.11334
140.4111
141.45206
142.67199
144.24501
145.56257
146.59529
147.65154
148.72391
-26.23797
-25.70996
-25.1768
-24.62095
-24.06161
-23.47612
-22.88533
-22.27016
-21.64495
-20.99775
-20.33516
-19.65361
-18.9506
-18.23226
-17.48667
-16.73043
-15.94387
-15.15216
-14.32803
-13.49989
-12.6454
-11.78392
-10.90218
-10.01083
-9.10459
-8.18683
-7.2588
-6.31808
-5.37096
-4.41072
-3.44723
-2.47089
-1.50326
-0.66688
0.0
0.0
0.0
0.0
0.0
0.0
0.0
0.0
0.0
0.0
0.0
0.0
0.0
0.0
0.0
0.0
0.0
0.0
0.0
0.0
0.0
0.0
0.0
0.0
0.0
0.0
0.0
0.0
0.03794
0.20613
0.43763
0.78041
1.13878
1.50815
2.10495
2.83146
3.0
3.0
2.84001
2.66732
2.66537
2.66343
2.66149
3.04141
4.28022
5.59649
7.01312
10.27025
14.87102
19.46349
24.04767
35.16625
47.49307
60.03834
72.4207
83.3232
94.27092
105.36245
113.31787
116.30005
119.3784
122.54576
125.26822
127.75869
130.40885
133.10132
135.10563
137.07386
139.34743
141.34165
142.2091
143.25234
144.65185
145.79909
146.6583
147.64518
148.71756
