# Number of x values
111
# x values
-550.0
-540.0
-530.0
-520.0
-510.0
-500.0
-490.0
-480.0
-470.0
-460.0
-450.0
-440.0
-430.0
-420.0
-410.0
-400.0
-390.0
-380.0
-370.0
-360.0
-350.0
-340.0
-330.0
-320.0
-310.0
-300.0
-290.0
-280.0
-270.0
-260.0
-250.0
-240.0
-230.0
-220.0
-210.0
-200.0
-190.0
-180.0
-170.0
-160.0
-150.0
-140.0
-130.0
-120.0
-110.0
-100.0
-90.0
-80.0
-70.0
-60.0
-50.0
-40.0
-30.0
-20.0
-10.0
0.0
10.0
20.0
30.0
40.0
50.0
60.0
70.0
80.0
90.0
100.0
110.0
120.0
130.0
140.0
150.0
160.0
170.0
180.0
190.0
200.0
210.0
220.0
230.0
240.0
250.0
260.0
270.0
280.0
290.0
300.0
310.0
320.0
330.0
340.0
350.0
360.0
370.0
380.0
390.0
400.0
410.0
420.0
430.0
440.0
450.0
460.0
470.0
480.0
490.0
500.0
510.0
520.0
530.0
540.0
550.0
# y values
-32.09921
-31.75773
-31.4023
-31.0042
-30.58057
-30.11547
-29.61047
-29.06802
-28.46847
-27.83828
-27.13102
-26.40271
-25.57605
-24.73533
-23.79951
-22.84635
-21.81914
-20.76499
-19.65479
-18.51036
-17.32561
-16.10159
-14.85073
-13.55787
-12.24935
-10.8984
-9.54072
-8.14245
-6.73981
-5.30929
-3.87242
-2.41824
-1.21515
-0.38455
0.0
0.0
0.0
0.0
0.0
0.0
0.0
0.0
0.0
0.0
0.0
0.0
0.0
0.0
0.0
0.0
0.0
0.0
0.0
0.0
0.0
0.0
0.0
0.0
0.0
0.0
0.0
0.0
0.0
0.0
0.0
0.0
0.0
0.0
0.0
0.0
0.0
0.0
0.0
0.0
0.0
0.0
0.0
0.0
0.0
0.0
0.0
0.21883
0.47045
1.00464
1.1935
-0.24145
-1.75598
-3.43831
-3.67871
-2.13177
-0.60346
0.90624
9.08092
19.86553
30.84782
41.81437
75.95072
110.52778
145.17507
172.51925
178.2197
183.93666
189.67011
192.85465
193.70781
194.91583
196.30922
196.59967
196.60159
196.90363
197.21084
